Time	First	Second	Third	Fourth	Fifth	Sixth	Seventh
0.00 9.80 0.86 0.39 0.25 0.18 0.14 0.11
14.29 5.35 0.88 0.41 0.26 0.18 0.14 0.12
28.57 4.46 0.96 0.43 0.26 0.19 0.15 0.12
42.86 0.89 0.82 0.37 0.24 0.18 0.14 0.11
57.14 6.24 0.78 0.41 0.25 0.18 0.14 0.11
71.43 9.80 0.84 0.39 0.25 0.18 0.14 0.11
85.71 8.02 0.84 0.40 0.26 0.19 0.14 0.12
100.00 3.56 0.81 0.37 0.24 0.18 0.14 0.11
114.29 9.80 0.92 0.42 0.26 0.19 0.15 0.12
128.57 10.69 0.75 0.37 0.25 0.18 0.14 0.11
142.86 6.24 0.85 0.39 0.24 0.18 0.14 0.11
157.14 5.35 0.78 0.37 0.25 0.18 0.14 0.12
171.43 2.67 0.80 0.39 0.26 0.18 0.14 0.11
185.71 8.02 0.87 0.40 0.25 0.19 0.14 0.11
200.00 8.02 0.72 0.37 0.25 0.19 0.14 0.11
214.29 10.69 0.80 0.38 0.25 0.18 0.14 0.11
228.57 12.47 0.78 0.38 0.25 0.19 0.14 0.11
242.86 6.24 0.81 0.39 0.24 0.18 0.14 0.11
257.14 5.35 0.77 0.38 0.24 0.18 0.14 0.11
271.43 8.02 0.90 0.39 0.25 0.18 0.14 0.12
285.71 7.13 0.80 0.36 0.24 0.18 0.14 0.11
300.00 6.24 0.75 0.37 0.24 0.18 0.14 0.11
314.29 5.35 0.75 0.37 0.25 0.18 0.14 0.11
328.57 8.02 0.82 0.38 0.26 0.19 0.14 0.12
342.86 7.13 0.81 0.39 0.26 0.19 0.14 0.12
357.14 7.13 0.82 0.37 0.24 0.18 0.14 0.11
371.43 1.78 0.72 0.39 0.25 0.18 0.14 0.11
385.71 9.80 0.78 0.37 0.25 0.19 0.14 0.11
400.00 8.02 0.95 0.43 0.27 0.19 0.15 0.12
414.29 4.46 0.92 0.41 0.26 0.19 0.15 0.11
428.57 7.13 0.81 0.38 0.24 0.18 0.14 0.12
442.86 5.35 0.75 0.37 0.25 0.19 0.14 0.12
457.14 4.46 0.94 0.44 0.27 0.19 0.15 0.12
471.43 6.24 0.72 0.41 0.26 0.19 0.15 0.12
485.71 8.91 0.87 0.42 0.27 0.19 0.15 0.12
500.00 7.13 0.81 0.38 0.25 0.19 0.15 0.12
514.29 5.35 0.64 0.39 0.26 0.19 0.15 0.12
528.57 4.46 0.86 0.41 0.25 0.18 0.14 0.12
542.86 11.58 0.91 0.44 0.28 0.20 0.16 0.12
557.14 6.24 0.77 0.39 0.25 0.19 0.15 0.12
571.43 7.13 0.83 0.39 0.27 0.19 0.15 0.12
585.71 7.13 0.91 0.43 0.28 0.20 0.15 0.12
600.00 5.35 0.90 0.41 0.27 0.19 0.15 0.12
614.29 7.13 0.91 0.40 0.27 0.19 0.15 0.12
628.57 10.69 0.90 0.41 0.26 0.19 0.15 0.12
642.86 8.02 0.91 0.43 0.28 0.20 0.15 0.12
657.14 10.69 0.95 0.40 0.27 0.20 0.15 0.12
671.43 9.80 0.85 0.39 0.26 0.19 0.15 0.12
685.71 4.46 0.89 0.44 0.27 0.20 0.15 0.12
700.00 4.46 0.87 0.40 0.26 0.19 0.15 0.12
714.29 8.91 0.73 0.39 0.27 0.19 0.15 0.12
728.57 5.35 0.83 0.41 0.26 0.19 0.15 0.12
742.86 8.02 0.88 0.41 0.28 0.20 0.15 0.12
757.14 6.24 0.73 0.38 0.25 0.18 0.14 0.12
771.43 8.02 0.77 0.39 0.25 0.18 0.14 0.12
785.71 5.35 0.81 0.40 0.27 0.20 0.15 0.12
800.00 8.02 0.91 0.40 0.26 0.19 0.15 0.12
814.29 1.78 0.91 0.40 0.27 0.19 0.15 0.12
828.57 10.69 0.84 0.38 0.25 0.19 0.15 0.12
842.86 8.91 0.81 0.39 0.25 0.19 0.15 0.12
857.14 8.91 0.83 0.38 0.25 0.18 0.14 0.12
871.43 5.35 0.85 0.42 0.26 0.20 0.15 0.12
885.71 7.13 0.85 0.38 0.26 0.19 0.15 0.12
900.00 7.13 0.82 0.40 0.27 0.19 0.15 0.12
914.29 10.69 0.83 0.42 0.27 0.19 0.15 0.12
928.57 10.69 0.84 0.39 0.25 0.19 0.15 0.12
942.86 6.24 0.82 0.39 0.25 0.18 0.14 0.12
957.14 9.80 0.87 0.40 0.26 0.19 0.15 0.12
971.43 7.13 0.84 0.40 0.26 0.19 0.16 0.12
985.71 8.91 0.69 0.37 0.26 0.19 0.15 0.12
1000.00 8.02 0.86 0.43 0.27 0.19 0.15 0.12
1014.29 8.91 0.82 0.40 0.26 0.20 0.15 0.12
1028.57 11.58 0.90 0.43 0.27 0.20 0.15 0.12
1042.86 8.02 0.81 0.41 0.27 0.20 0.15 0.12
1057.14 9.80 0.86 0.41 0.26 0.19 0.15 0.12
1071.43 7.13 0.71 0.38 0.25 0.18 0.14 0.12
1085.71 8.02 0.82 0.40 0.25 0.19 0.15 0.12
1100.00 2.67 0.71 0.38 0.25 0.18 0.14 0.11
1114.29 8.02 0.75 0.37 0.26 0.19 0.15 0.12
1128.57 11.58 0.84 0.40 0.26 0.19 0.15 0.12
1142.86 8.91 0.83 0.41 0.26 0.19 0.15 0.12
1157.14 8.91 0.87 0.38 0.26 0.18 0.14 0.12
1171.43 4.46 0.85 0.40 0.25 0.18 0.14 0.11
1185.71 2.67 0.68 0.35 0.24 0.18 0.14 0.11
1200.00 5.35 0.77 0.37 0.24 0.17 0.14 0.11
1214.29 6.24 0.81 0.36 0.24 0.18 0.14 0.11
1228.57 10.69 0.89 0.40 0.24 0.17 0.14 0.11
1242.86 4.46 0.88 0.40 0.25 0.18 0.14 0.11
1257.14 6.24 0.75 0.36 0.23 0.17 0.13 0.11
1271.43 8.02 0.80 0.36 0.24 0.18 0.14 0.11
1285.71 8.91 0.74 0.36 0.24 0.17 0.13 0.11
1300.00 8.91 0.73 0.36 0.23 0.17 0.13 0.10
1314.29 8.91 0.88 0.39 0.24 0.18 0.14 0.11
1328.57 8.02 0.70 0.35 0.24 0.17 0.13 0.11
1342.86 7.13 0.73 0.37 0.24 0.17 0.13 0.11
1357.14 7.13 0.74 0.36 0.24 0.17 0.13 0.11
1371.43 6.24 0.72 0.36 0.23 0.17 0.13 0.10
1385.71 7.13 0.74 0.36 0.22 0.16 0.12 0.10
1400.00 7.13 0.63 0.32 0.21 0.16 0.12 0.10
1414.29 8.91 0.70 0.34 0.23 0.16 0.13 0.10
1428.57 8.91 0.68 0.33 0.22 0.16 0.13 0.10
1442.86 8.02 0.78 0.36 0.22 0.16 0.12 0.10
1457.14 8.91 0.79 0.35 0.22 0.16 0.12 0.10
1471.43 4.46 0.72 0.35 0.22 0.16 0.12 0.09
1485.71 8.02 0.77 0.33 0.21 0.15 0.12 0.09
1500.00 3.56 0.75 0.34 0.22 0.16 0.12 0.10
1514.29 11.58 0.82 0.37 0.23 0.16 0.12 0.10
1528.57 9.80 0.75 0.34 0.22 0.16 0.12 0.10
1542.86 4.46 0.72 0.34 0.21 0.15 0.11 0.09
1557.14 11.58 0.72 0.34 0.20 0.15 0.11 0.09
1571.43 6.24 0.76 0.36 0.23 0.16 0.12 0.09
1585.71 6.24 0.73 0.31 0.19 0.14 0.11 0.09
1600.00 10.69 0.86 0.35 0.22 0.16 0.12 0.09
1614.29 7.13 0.73 0.35 0.21 0.15 0.12 0.09
1628.57 5.35 0.82 0.34 0.21 0.14 0.11 0.09
1642.86 8.91 0.77 0.35 0.21 0.15 0.11 0.09
1657.14 3.56 0.83 0.37 0.23 0.16 0.12 0.09
1671.43 8.02 0.69 0.33 0.21 0.15 0.11 0.09
1685.71 8.91 0.66 0.34 0.22 0.15 0.11 0.09
1700.00 8.02 0.75 0.33 0.21 0.15 0.11 0.09
1714.29 8.02 0.82 0.35 0.21 0.15 0.11 0.09
1728.57 10.69 0.72 0.32 0.21 0.14 0.11 0.08
1742.86 8.91 0.63 0.31 0.20 0.15 0.11 0.09
1757.14 5.35 0.73 0.32 0.21 0.15 0.11 0.09
1771.43 4.46 0.74 0.35 0.22 0.15 0.11 0.09
1785.71 4.46 0.73 0.33 0.21 0.15 0.11 0.09
1800.00 8.02 0.77 0.34 0.20 0.14 0.10 0.08
1814.29 12.47 0.75 0.35 0.21 0.14 0.11 0.08
1828.57 6.24 0.79 0.35 0.21 0.15 0.11 0.09
1842.86 12.47 0.71 0.35 0.21 0.15 0.11 0.08
1857.14 9.80 0.81 0.33 0.21 0.14 0.11 0.08
1871.43 8.02 0.77 0.34 0.22 0.15 0.11 0.09
1885.71 6.24 0.77 0.34 0.21 0.14 0.11 0.08
1900.00 7.13 0.76 0.35 0.22 0.15 0.11 0.09
1914.29 6.24 0.73 0.35 0.22 0.15 0.11 0.09
1928.57 5.35 0.77 0.33 0.20 0.14 0.11 0.08
1942.86 7.13 0.72 0.32 0.20 0.14 0.11 0.08
1957.14 6.24 0.75 0.31 0.20 0.14 0.11 0.08
1971.43 8.91 0.80 0.33 0.20 0.14 0.10 0.08
1985.71 8.02 0.74 0.31 0.19 0.13 0.10 0.08
2000.00 8.02 0.78 0.33 0.21 0.15 0.11 0.08
2014.29 8.91 0.85 0.34 0.21 0.14 0.11 0.08
2028.57 8.02 0.67 0.30 0.20 0.14 0.10 0.08
2042.86 7.13 0.77 0.36 0.21 0.15 0.11 0.09
2057.14 10.69 0.75 0.35 0.21 0.15 0.11 0.08
2071.43 8.02 0.75 0.36 0.21 0.15 0.11 0.08
2085.71 7.13 0.70 0.32 0.20 0.14 0.10 0.08
2100.00 5.35 0.70 0.33 0.21 0.15 0.11 0.08
2114.29 8.02 0.72 0.33 0.20 0.14 0.10 0.08
2128.57 9.80 0.77 0.34 0.22 0.15 0.11 0.09
2142.86 9.80 0.77 0.32 0.21 0.14 0.10 0.08
2157.14 2.67 0.69 0.33 0.20 0.14 0.10 0.08
2171.43 8.91 0.69 0.36 0.22 0.15 0.11 0.09
2185.71 9.80 0.65 0.31 0.20 0.14 0.10 0.08
2200.00 4.46 0.74 0.33 0.20 0.14 0.10 0.08
2214.29 8.91 0.79 0.33 0.20 0.14 0.10 0.08
2228.57 10.69 0.77 0.34 0.22 0.15 0.11 0.08
2242.86 10.69 0.66 0.33 0.20 0.14 0.10 0.08
2257.14 8.02 0.68 0.32 0.21 0.15 0.11 0.08
2271.43 3.56 0.61 0.34 0.21 0.14 0.10 0.08
2285.71 9.80 0.69 0.31 0.20 0.14 0.11 0.08
2300.00 8.91 0.78 0.35 0.21 0.15 0.11 0.08
2314.29 9.80 0.77 0.35 0.20 0.14 0.10 0.08
2328.57 6.24 0.61 0.32 0.20 0.14 0.10 0.08
2342.86 5.35 0.71 0.34 0.20 0.14 0.10 0.08
2357.14 8.02 0.75 0.36 0.22 0.15 0.11 0.09
2371.43 8.02 0.71 0.31 0.20 0.14 0.10 0.08
2385.71 8.02 0.70 0.30 0.19 0.14 0.10 0.08
2400.00 8.91 0.75 0.34 0.21 0.15 0.11 0.08
2414.29 7.13 0.75 0.32 0.20 0.14 0.10 0.08
2428.57 6.24 0.76 0.32 0.20 0.14 0.10 0.08
2442.86 8.91 0.73 0.33 0.20 0.14 0.10 0.08
2457.14 8.91 0.80 0.31 0.19 0.13 0.10 0.08
2471.43 4.46 0.70 0.31 0.20 0.14 0.10 0.08
2485.71 8.91 0.77 0.34 0.21 0.15 0.11 0.08
2500.00 7.13 0.62 0.30 0.20 0.14 0.10 0.08
2514.29 6.24 0.66 0.32 0.20 0.14 0.11 0.08
2528.57 4.46 0.60 0.29 0.19 0.14 0.10 0.08
2542.86 8.02 0.67 0.32 0.20 0.14 0.11 0.08
2557.14 8.91 0.77 0.35 0.21 0.15 0.11 0.08
2571.43 10.69 0.73 0.33 0.20 0.14 0.10 0.08
2585.71 6.24 0.71 0.32 0.20 0.14 0.11 0.08
2600.00 8.02 0.70 0.31 0.19 0.13 0.10 0.08
2614.29 10.69 0.76 0.35 0.21 0.15 0.11 0.08
2628.57 8.02 0.73 0.33 0.21 0.14 0.10 0.08
2642.86 7.13 0.65 0.32 0.19 0.14 0.10 0.08
2657.14 12.47 0.82 0.33 0.21 0.14 0.11 0.08
2671.43 8.91 0.79 0.33 0.20 0.14 0.10 0.08
2685.71 6.24 0.68 0.32 0.21 0.15 0.11 0.08
2700.00 1.78 0.71 0.32 0.21 0.14 0.10 0.08
2714.29 8.91 0.73 0.34 0.21 0.14 0.10 0.08
2728.57 5.35 0.70 0.31 0.20 0.14 0.11 0.08
2742.86 4.46 0.69 0.34 0.20 0.14 0.11 0.08
2757.14 11.58 0.80 0.36 0.22 0.15 0.11 0.09
2771.43 7.13 0.70 0.33 0.20 0.14 0.10 0.08
2785.71 6.24 0.69 0.31 0.20 0.14 0.10 0.08
2800.00 10.69 0.71 0.33 0.20 0.14 0.11 0.08
2814.29 14.26 0.64 0.32 0.20 0.14 0.10 0.08
2828.57 11.58 0.80 0.36 0.23 0.15 0.11 0.09
2842.86 8.02 0.68 0.31 0.20 0.14 0.11 0.08
2857.14 5.35 0.68 0.33 0.21 0.14 0.10 0.08
2871.43 5.35 0.73 0.33 0.20 0.14 0.10 0.08
2885.71 5.35 0.66 0.30 0.19 0.13 0.10 0.08
2900.00 5.35 0.71 0.33 0.20 0.14 0.10 0.08
2914.29 6.24 0.71 0.34 0.21 0.15 0.11 0.08
2928.57 5.35 0.61 0.31 0.19 0.13 0.10 0.08
2942.86 8.91 0.66 0.32 0.19 0.14 0.10 0.08
2957.14 6.24 0.79 0.35 0.22 0.15 0.11 0.08
2971.43 6.24 0.68 0.31 0.20 0.14 0.10 0.08
2985.71 11.58 0.70 0.33 0.19 0.13 0.10 0.08
3000.00 8.02 0.82 0.35 0.22 0.15 0.11 0.08
3014.29 9.80 0.78 0.34 0.21 0.14 0.10 0.08
3028.57 6.24 0.83 0.35 0.22 0.15 0.11 0.08
3042.86 10.69 0.73 0.35 0.21 0.15 0.11 0.08
3057.14 13.37 0.76 0.35 0.22 0.15 0.11 0.08
3071.43 5.35 0.75 0.35 0.22 0.15 0.11 0.08
3085.71 7.13 0.66 0.31 0.20 0.14 0.10 0.08
3100.00 8.91 0.77 0.35 0.22 0.15 0.11 0.08
3114.29 5.35 0.86 0.36 0.21 0.14 0.11 0.08
3128.57 4.46 0.78 0.35 0.21 0.15 0.11 0.08
3142.86 6.24 0.77 0.32 0.20 0.14 0.10 0.08
3157.14 7.13 0.75 0.31 0.19 0.13 0.10 0.08
3171.43 13.37 0.75 0.35 0.21 0.14 0.11 0.08
3185.71 6.24 0.69 0.34 0.21 0.15 0.11 0.08
3200.00 6.24 0.74 0.35 0.21 0.14 0.11 0.08
3214.29 5.35 0.64 0.31 0.21 0.15 0.11 0.08
3228.57 10.69 0.73 0.30 0.18 0.13 0.10 0.08
3242.86 8.91 0.68 0.32 0.19 0.14 0.10 0.08
3257.14 5.35 0.71 0.30 0.19 0.13 0.10 0.08
3271.43 8.91 0.76 0.34 0.20 0.14 0.11 0.08
3285.71 9.80 0.79 0.33 0.21 0.14 0.10 0.08
3300.00 9.80 0.76 0.34 0.21 0.14 0.11 0.08
3314.29 10.69 0.77 0.35 0.21 0.14 0.10 0.08
3328.57 2.67 0.76 0.33 0.21 0.14 0.11 0.08
3342.86 14.26 0.73 0.34 0.21 0.14 0.11 0.08
3357.14 8.91 0.72 0.33 0.20 0.14 0.10 0.08
3371.43 10.69 0.68 0.33 0.20 0.14 0.10 0.08
3385.71 6.24 0.76 0.37 0.22 0.15 0.11 0.09
3400.00 8.02 0.65 0.33 0.21 0.15 0.11 0.08
3414.29 3.56 0.77 0.33 0.21 0.15 0.11 0.08
3428.57 7.13 0.79 0.35 0.21 0.14 0.10 0.08
3442.86 3.56 0.73 0.33 0.21 0.14 0.11 0.08
3457.14 7.13 0.76 0.32 0.20 0.14 0.10 0.08
3471.43 9.80 0.67 0.32 0.19 0.14 0.10 0.08
3485.71 8.91 0.86 0.34 0.21 0.14 0.11 0.08
3500.00 1.78 0.71 0.33 0.21 0.14 0.10 0.08
3514.29 6.24 0.70 0.33 0.20 0.14 0.10 0.08
3528.57 11.58 0.77 0.35 0.21 0.15 0.11 0.08
3542.86 12.47 0.77 0.35 0.21 0.15 0.11 0.08
3557.14 8.02 0.68 0.30 0.19 0.14 0.10 0.08
3571.43 6.24 0.84 0.33 0.21 0.15 0.11 0.08
3585.71 8.91 0.73 0.33 0.21 0.14 0.10 0.08
3600.00 8.91 0.69 0.34 0.21 0.14 0.10 0.08
3614.29 12.47 0.75 0.36 0.22 0.15 0.11 0.08
3628.57 9.80 0.80 0.34 0.20 0.14 0.10 0.08
3642.86 5.35 0.78 0.33 0.21 0.14 0.10 0.08
3657.14 6.24 0.79 0.35 0.21 0.15 0.10 0.08
3671.43 5.35 0.65 0.33 0.21 0.14 0.10 0.08
3685.71 9.80 0.80 0.34 0.21 0.14 0.10 0.08
3700.00 2.67 0.69 0.31 0.20 0.14 0.10 0.08
3714.29 9.80 0.66 0.33 0.21 0.14 0.10 0.08
3728.57 7.13 0.75 0.34 0.22 0.15 0.11 0.08
3742.86 9.80 0.77 0.35 0.21 0.14 0.11 0.08
3757.14 12.47 0.78 0.35 0.21 0.14 0.10 0.08
3771.43 4.46 0.74 0.33 0.21 0.14 0.10 0.08
3785.71 6.24 0.84 0.36 0.22 0.15 0.11 0.08
3800.00 8.91 0.77 0.35 0.21 0.15 0.11 0.08
3814.29 8.91 0.82 0.38 0.23 0.15 0.11 0.08
3828.57 7.13 0.80 0.32 0.21 0.14 0.11 0.08
3842.86 7.13 0.63 0.32 0.21 0.14 0.11 0.08
3857.14 4.46 0.82 0.36 0.22 0.15 0.11 0.08
3871.43 12.47 0.66 0.31 0.21 0.14 0.11 0.08
3885.71 5.35 0.75 0.33 0.20 0.14 0.10 0.08
3900.00 9.80 0.83 0.35 0.21 0.15 0.11 0.08
3914.29 10.69 0.68 0.34 0.21 0.15 0.11 0.08
3928.57 6.24 0.69 0.34 0.21 0.14 0.11 0.08
3942.86 10.69 0.77 0.36 0.22 0.15 0.11 0.08
3957.14 8.02 0.76 0.36 0.22 0.15 0.11 0.08
3971.43 8.91 0.70 0.34 0.21 0.15 0.11 0.08
3985.71 7.13 0.76 0.33 0.21 0.15 0.11 0.08
4000.00 13.37 0.79 0.33 0.20 0.14 0.11 0.08
4014.29 9.80 0.83 0.32 0.19 0.14 0.10 0.08
4028.57 8.02 0.75 0.34 0.21 0.15 0.11 0.08
4042.86 8.91 0.78 0.36 0.22 0.15 0.11 0.08
4057.14 9.80 0.75 0.32 0.21 0.14 0.10 0.08
4071.43 10.69 0.77 0.35 0.21 0.14 0.11 0.08
4085.71 4.46 0.72 0.36 0.22 0.15 0.11 0.08
4100.00 8.91 0.75 0.35 0.21 0.15 0.11 0.08
4114.29 8.91 0.78 0.35 0.21 0.15 0.11 0.08
4128.57 9.80 0.71 0.33 0.20 0.14 0.10 0.08
4142.86 5.35 0.79 0.36 0.22 0.15 0.11 0.08
4157.14 7.13 0.69 0.34 0.21 0.15 0.11 0.08
4171.43 10.69 0.73 0.35 0.22 0.15 0.10 0.08
4185.71 8.02 0.80 0.35 0.22 0.15 0.11 0.08
4200.00 7.13 0.87 0.37 0.22 0.15 0.11 0.08
4214.29 5.35 0.68 0.34 0.21 0.15 0.11 0.09
4228.57 8.02 0.67 0.34 0.21 0.15 0.11 0.08
4242.86 11.58 0.65 0.30 0.19 0.14 0.10 0.08
4257.14 8.02 0.61 0.32 0.20 0.14 0.10 0.08
4271.43 16.93 0.69 0.33 0.20 0.14 0.10 0.08
4285.71 7.13 0.70 0.35 0.21 0.15 0.11 0.08
4300.00 8.02 0.63 0.31 0.19 0.13 0.10 0.08
4314.29 8.91 0.78 0.35 0.20 0.14 0.10 0.08
4328.57 6.24 0.59 0.31 0.20 0.14 0.10 0.08
4342.86 7.13 0.69 0.31 0.19 0.14 0.10 0.08
4357.14 6.24 0.66 0.31 0.19 0.13 0.10 0.08
4371.43 4.46 0.60 0.30 0.19 0.13 0.10 0.08
4385.71 13.37 0.69 0.29 0.18 0.13 0.10 0.07
4400.00 13.37 0.78 0.32 0.20 0.14 0.10 0.08
4414.29 11.58 0.65 0.30 0.18 0.13 0.10 0.08
4428.57 8.91 0.70 0.29 0.18 0.13 0.09 0.07
4442.86 8.02 0.72 0.30 0.19 0.13 0.09 0.07
4457.14 15.15 0.68 0.28 0.17 0.12 0.09 0.07
4471.43 6.24 0.64 0.28 0.16 0.12 0.09 0.07
4485.71 9.80 0.63 0.27 0.17 0.12 0.09 0.07
4500.00 8.02 0.65 0.28 0.17 0.11 0.09 0.07
4514.29 7.13 0.68 0.28 0.16 0.12 0.09 0.07
4528.57 7.13 0.66 0.27 0.17 0.12 0.09 0.07
4542.86 7.13 0.64 0.27 0.17 0.11 0.09 0.07
4557.14 2.67 0.60 0.26 0.16 0.11 0.08 0.06
4571.43 7.13 0.64 0.25 0.16 0.11 0.08 0.06
4585.71 11.58 0.65 0.24 0.15 0.10 0.08 0.06
4600.00 8.02 0.64 0.27 0.16 0.11 0.08 0.06
4614.29 8.91 0.67 0.26 0.16 0.10 0.08 0.06
4628.57 8.91 0.68 0.30 0.17 0.11 0.09 0.07
4642.86 6.24 0.64 0.27 0.16 0.11 0.08 0.06
4657.14 10.69 0.65 0.27 0.15 0.10 0.08 0.06
4671.43 8.91 0.69 0.28 0.16 0.10 0.07 0.06
4685.71 6.24 0.63 0.29 0.16 0.10 0.08 0.06
4700.00 5.35 0.73 0.27 0.15 0.10 0.08 0.06
4714.29 6.24 0.66 0.28 0.16 0.11 0.08 0.06
4728.57 7.13 0.65 0.27 0.15 0.10 0.07 0.06
4742.86 11.58 0.64 0.27 0.14 0.10 0.07 0.06
4757.14 9.80 0.70 0.26 0.15 0.10 0.07 0.05
4771.43 10.69 0.66 0.27 0.15 0.10 0.07 0.06
4785.71 11.58 0.57 0.26 0.15 0.10 0.07 0.06
4800.00 14.26 0.64 0.28 0.16 0.10 0.07 0.05
4814.29 8.02 0.61 0.26 0.15 0.10 0.07 0.05
4828.57 6.24 0.60 0.25 0.14 0.09 0.07 0.05
4842.86 9.80 0.54 0.25 0.15 0.10 0.07 0.05
4857.14 8.91 0.70 0.28 0.16 0.10 0.07 0.05
4871.43 5.35 0.57 0.24 0.14 0.09 0.07 0.05
4885.71 8.02 0.61 0.26 0.14 0.09 0.07 0.05
4900.00 8.91 0.68 0.26 0.15 0.10 0.07 0.05
4914.29 9.80 0.70 0.27 0.15 0.10 0.07 0.05
4928.57 10.69 0.58 0.26 0.14 0.10 0.07 0.05
4942.86 7.13 0.66 0.27 0.15 0.10 0.07 0.05
4957.14 5.35 0.66 0.28 0.16 0.10 0.07 0.05
4971.43 6.24 0.61 0.26 0.14 0.09 0.07 0.05
4985.71 6.24 0.70 0.28 0.16 0.10 0.07 0.05
5000.00 7.13 0.63 0.28 0.15 0.10 0.07 0.05
5014.29 7.13 0.62 0.25 0.14 0.09 0.07 0.05
5028.57 8.91 0.67 0.26 0.15 0.10 0.07 0.05
5042.86 5.35 0.49 0.23 0.14 0.09 0.07 0.05
5057.14 8.91 0.63 0.26 0.15 0.10 0.07 0.05
5071.43 4.46 0.48 0.23 0.14 0.09 0.06 0.05
5085.71 5.35 0.57 0.24 0.14 0.09 0.06 0.05
5100.00 6.24 0.56 0.26 0.15 0.09 0.07 0.05
5114.29 3.56 0.66 0.28 0.16 0.10 0.07 0.05
5128.57 5.35 0.58 0.25 0.14 0.09 0.06 0.05
5142.86 9.80 0.67 0.28 0.15 0.10 0.07 0.05
5157.14 4.46 0.62 0.26 0.15 0.10 0.07 0.05
5171.43 4.46 0.70 0.28 0.16 0.10 0.07 0.05
5185.71 10.69 0.67 0.27 0.16 0.10 0.07 0.05
5200.00 6.24 0.69 0.27 0.16 0.10 0.07 0.05
5214.29 4.46 0.72 0.27 0.15 0.09 0.07 0.05
5228.57 8.91 0.67 0.27 0.15 0.10 0.07 0.05
5242.86 8.02 0.70 0.28 0.15 0.10 0.07 0.05
5257.14 4.46 0.66 0.29 0.16 0.10 0.08 0.06
5271.43 10.69 0.75 0.29 0.16 0.11 0.07 0.06
5285.71 7.13 0.83 0.30 0.17 0.11 0.08 0.06
5300.00 9.80 0.65 0.28 0.16 0.10 0.07 0.05
5314.29 11.58 0.61 0.26 0.16 0.10 0.07 0.05
5328.57 8.91 0.79 0.32 0.18 0.11 0.08 0.06
5342.86 9.80 0.82 0.31 0.17 0.11 0.08 0.06
5357.14 13.37 0.66 0.28 0.16 0.10 0.07 0.05
5371.43 6.24 0.68 0.29 0.16 0.10 0.07 0.05
5385.71 7.13 0.68 0.30 0.17 0.11 0.08 0.06
5400.00 5.35 0.58 0.26 0.16 0.11 0.07 0.06
5414.29 5.35 0.59 0.27 0.15 0.10 0.07 0.05
5428.57 9.80 0.54 0.25 0.15 0.10 0.07 0.05
5442.86 8.91 0.65 0.25 0.15 0.10 0.07 0.05
5457.14 7.13 0.65 0.24 0.14 0.09 0.07 0.05
5471.43 1.78 0.50 0.22 0.13 0.09 0.06 0.05
5485.71 10.69 0.46 0.19 0.12 0.08 0.06 0.05
5500.00 4.46 0.54 0.20 0.12 0.08 0.06 0.05
5514.29 13.37 0.59 0.24 0.14 0.09 0.06 0.05
5528.57 6.24 0.43 0.18 0.12 0.08 0.06 0.05
5542.86 7.13 0.48 0.20 0.12 0.08 0.06 0.05
5557.14 4.46 0.48 0.19 0.11 0.08 0.06 0.04
5571.43 12.47 0.55 0.20 0.11 0.08 0.06 0.04
5585.71 5.35 0.53 0.19 0.11 0.07 0.05 0.04
5600.00 10.69 0.47 0.17 0.10 0.07 0.05 0.04
5614.29 12.47 0.46 0.18 0.11 0.07 0.05 0.04
5628.57 7.13 0.47 0.18 0.10 0.07 0.05 0.04
5642.86 12.47 0.54 0.20 0.11 0.07 0.05 0.04
5657.14 1.78 0.46 0.17 0.09 0.06 0.05 0.04
5671.43 10.69 0.53 0.19 0.11 0.07 0.05 0.04
5685.71 8.02 0.46 0.16 0.09 0.06 0.05 0.04
5700.00 5.35 0.55 0.21 0.11 0.07 0.06 0.04
5714.29 8.91 0.52 0.19 0.10 0.07 0.05 0.04
5728.57 3.56 0.47 0.18 0.10 0.06 0.05 0.04
5742.86 5.35 0.52 0.17 0.10 0.06 0.05 0.04
5757.14 9.80 0.46 0.17 0.09 0.06 0.05 0.04
5771.43 13.37 0.59 0.19 0.11 0.07 0.05 0.04
5785.71 6.24 0.54 0.18 0.09 0.06 0.04 0.03
5800.00 4.46 0.49 0.18 0.09 0.06 0.04 0.03
5814.29 3.56 0.50 0.18 0.09 0.06 0.04 0.03
5828.57 7.13 0.45 0.17 0.09 0.06 0.04 0.03
5842.86 9.80 0.54 0.19 0.09 0.06 0.04 0.03
5857.14 11.58 0.51 0.19 0.10 0.06 0.04 0.03
5871.43 11.58 0.51 0.18 0.09 0.06 0.04 0.03
5885.71 9.80 0.56 0.19 0.09 0.06 0.04 0.03
5900.00 4.46 0.55 0.18 0.09 0.06 0.04 0.03
5914.29 13.37 0.55 0.19 0.09 0.06 0.04 0.03
5928.57 3.56 0.46 0.19 0.09 0.06 0.04 0.03
5942.86 3.56 0.51 0.18 0.09 0.06 0.04 0.03
5957.14 12.47 0.54 0.18 0.09 0.05 0.04 0.03
5971.43 5.35 0.53 0.20 0.10 0.06 0.04 0.03
5985.71 11.58 0.50 0.17 0.09 0.05 0.04 0.03
6000.00 6.24 0.45 0.16 0.09 0.05 0.04 0.03
6014.29 6.24 0.49 0.17 0.09 0.06 0.04 0.03
6028.57 0.89 0.48 0.18 0.09 0.06 0.04 0.03
6042.86 8.91 0.54 0.18 0.09 0.06 0.04 0.03
6057.14 8.02 0.54 0.18 0.09 0.05 0.04 0.03
6071.43 10.69 0.55 0.20 0.10 0.06 0.04 0.03
6085.71 9.80 0.53 0.18 0.09 0.05 0.04 0.03
6100.00 7.13 0.53 0.18 0.09 0.06 0.04 0.03
6114.29 5.35 0.56 0.21 0.10 0.06 0.04 0.03
6128.57 6.24 0.41 0.17 0.09 0.06 0.04 0.03
6142.86 8.91 0.56 0.19 0.09 0.06 0.04 0.03
6157.14 2.67 0.50 0.18 0.10 0.06 0.04 0.03
6171.43 13.37 0.57 0.19 0.10 0.06 0.04 0.03
6185.71 8.91 0.52 0.18 0.09 0.06 0.04 0.03
6200.00 8.02 0.47 0.18 0.09 0.06 0.04 0.03
6214.29 8.02 0.55 0.20 0.11 0.06 0.04 0.03
6228.57 2.67 0.46 0.18 0.10 0.06 0.04 0.03
6242.86 7.13 0.49 0.17 0.09 0.05 0.03 0.02
6257.14 5.35 0.43 0.16 0.09 0.06 0.04 0.03
6271.43 7.13 0.41 0.16 0.09 0.06 0.04 0.03
6285.71 8.02 0.51 0.20 0.10 0.06 0.04 0.03
6300.00 3.56 0.47 0.17 0.09 0.06 0.04 0.03
6314.29 2.67 0.45 0.16 0.09 0.05 0.04 0.03
6328.57 8.02 0.50 0.17 0.09 0.05 0.04 0.03
6342.86 7.13 0.43 0.17 0.09 0.05 0.04 0.03
6357.14 11.58 0.53 0.19 0.09 0.06 0.04 0.03
6371.43 7.13 0.46 0.18 0.09 0.06 0.04 0.03
6385.71 8.02 0.49 0.18 0.09 0.06 0.04 0.03
6400.00 12.47 0.51 0.19 0.10 0.06 0.04 0.03
6414.29 18.71 0.48 0.18 0.09 0.06 0.04 0.03
6428.57 10.69 0.47 0.15 0.08 0.05 0.03 0.02
6442.86 10.69 0.47 0.18 0.09 0.05 0.04 0.03
6457.14 8.91 0.46 0.17 0.09 0.06 0.04 0.03
6471.43 8.02 0.47 0.18 0.09 0.05 0.04 0.03
6485.71 6.24 0.49 0.17 0.08 0.05 0.03 0.02
6500.00 10.69 0.58 0.19 0.10 0.06 0.04 0.03
6514.29 9.80 0.58 0.19 0.10 0.06 0.04 0.03
6528.57 9.80 0.61 0.20 0.10 0.06 0.04 0.03
6542.86 8.02 0.52 0.19 0.10 0.06 0.04 0.03
6557.14 9.80 0.50 0.17 0.09 0.05 0.04 0.03
6571.43 5.35 0.49 0.18 0.09 0.06 0.04 0.03
6585.71 13.37 0.49 0.18 0.09 0.05 0.04 0.03
6600.00 10.69 0.52 0.19 0.09 0.05 0.04 0.03
6614.29 11.58 0.51 0.18 0.09 0.05 0.04 0.03
6628.57 8.91 0.52 0.18 0.09 0.06 0.04 0.03
6642.86 7.13 0.51 0.19 0.09 0.05 0.04 0.03
6657.14 9.80 0.53 0.18 0.09 0.06 0.04 0.03
6671.43 6.24 0.46 0.18 0.09 0.06 0.04 0.03
6685.71 8.91 0.55 0.17 0.08 0.05 0.03 0.02
6700.00 15.15 0.53 0.19 0.09 0.06 0.04 0.03
6714.29 10.69 0.53 0.17 0.09 0.05 0.03 0.02
6728.57 5.35 0.54 0.19 0.10 0.06 0.04 0.03
6742.86 6.24 0.48 0.16 0.08 0.05 0.03 0.03
6757.14 11.58 0.49 0.17 0.08 0.05 0.03 0.02
6771.43 8.91 0.42 0.16 0.08 0.05 0.03 0.03
6785.71 9.80 0.46 0.16 0.08 0.05 0.03 0.02
6800.00 11.58 0.51 0.18 0.09 0.05 0.04 0.03
6814.29 11.58 0.44 0.17 0.09 0.05 0.04 0.03
6828.57 8.02 0.45 0.15 0.08 0.05 0.04 0.03
6842.86 8.02 0.55 0.18 0.09 0.05 0.04 0.03
6857.14 6.24 0.50 0.18 0.09 0.05 0.04 0.03
6871.43 7.13 0.51 0.18 0.09 0.05 0.04 0.03
6885.71 11.58 0.54 0.18 0.09 0.05 0.04 0.03
6900.00 8.02 0.50 0.16 0.08 0.05 0.03 0.02
6914.29 13.37 0.51 0.17 0.09 0.05 0.03 0.02
6928.57 7.13 0.42 0.15 0.08 0.05 0.03 0.02
6942.86 10.69 0.48 0.18 0.09 0.05 0.04 0.03
6957.14 7.13 0.52 0.18 0.09 0.06 0.04 0.03
6971.43 8.91 0.52 0.18 0.09 0.06 0.04 0.03
6985.71 6.24 0.44 0.16 0.08 0.05 0.03 0.03
7000.00 8.91 0.42 0.14 0.07 0.04 0.03 0.02
7014.29 4.46 0.44 0.16 0.08 0.05 0.03 0.02
7028.57 9.80 0.41 0.15 0.08 0.05 0.03 0.02
7042.86 9.80 0.53 0.17 0.08 0.05 0.03 0.03
7057.14 8.02 0.49 0.16 0.08 0.05 0.03 0.02
7071.43 8.02 0.46 0.16 0.08 0.05 0.04 0.02
7085.71 11.58 0.44 0.17 0.08 0.05 0.03 0.02
7100.00 13.37 0.50 0.16 0.08 0.05 0.03 0.03
7114.29 8.91 0.42 0.13 0.07 0.04 0.03 0.02
7128.57 8.02 0.46 0.16 0.08 0.05 0.03 0.02
7142.86 15.15 0.44 0.15 0.08 0.05 0.03 0.02
7157.14 6.24 0.45 0.16 0.08 0.05 0.03 0.03
7171.43 7.13 0.45 0.14 0.07 0.05 0.03 0.02
7185.71 8.02 0.41 0.13 0.07 0.04 0.03 0.02
7200.00 13.37 0.36 0.14 0.07 0.04 0.03 0.02
7214.29 3.56 0.48 0.15 0.07 0.04 0.03 0.02
7228.57 12.47 0.52 0.15 0.07 0.04 0.03 0.02
7242.86 8.91 0.53 0.15 0.07 0.05 0.03 0.02
7257.14 7.13 0.46 0.14 0.07 0.04 0.03 0.02
7271.43 10.69 0.53 0.15 0.08 0.05 0.03 0.02
7285.71 8.02 0.44 0.15 0.07 0.04 0.03 0.02
7300.00 6.24 0.46 0.15 0.08 0.05 0.03 0.02
7314.29 5.35 0.36 0.14 0.07 0.04 0.03 0.02
7328.57 12.47 0.51 0.16 0.07 0.04 0.03 0.02
7342.86 5.35 0.45 0.16 0.08 0.05 0.03 0.02
7357.14 6.24 0.42 0.16 0.08 0.05 0.03 0.02
7371.43 9.80 0.41 0.14 0.07 0.04 0.03 0.02
7385.71 10.69 0.45 0.14 0.07 0.04 0.03 0.02
7400.00 15.15 0.45 0.16 0.08 0.04 0.03 0.02
7414.29 8.91 0.42 0.15 0.07 0.04 0.03 0.02
7428.57 10.69 0.49 0.16 0.08 0.04 0.03 0.02
7442.86 5.35 0.48 0.16 0.08 0.04 0.03 0.02
7457.14 12.47 0.53 0.16 0.07 0.04 0.03 0.02
7471.43 4.46 0.36 0.13 0.06 0.04 0.02 0.02
7485.71 9.80 0.47 0.14 0.07 0.04 0.03 0.02
7500.00 6.24 0.51 0.15 0.07 0.04 0.03 0.02
7514.29 16.04 0.41 0.13 0.06 0.04 0.02 0.02
7528.57 11.58 0.46 0.14 0.07 0.04 0.03 0.02
7542.86 3.56 0.41 0.14 0.06 0.04 0.03 0.02
7557.14 6.24 0.44 0.15 0.07 0.04 0.03 0.02
7571.43 8.02 0.48 0.14 0.07 0.04 0.03 0.02
7585.71 7.13 0.49 0.14 0.06 0.04 0.03 0.02
7600.00 11.58 0.49 0.15 0.08 0.04 0.03 0.02
7614.29 9.80 0.46 0.14 0.07 0.04 0.03 0.02
7628.57 8.91 0.48 0.17 0.08 0.05 0.03 0.02
7642.86 8.91 0.46 0.14 0.07 0.04 0.03 0.02
7657.14 6.24 0.48 0.14 0.07 0.04 0.03 0.02
7671.43 8.91 0.42 0.14 0.07 0.04 0.03 0.02
7685.71 17.82 0.48 0.15 0.07 0.04 0.03 0.02
7700.00 16.04 0.52 0.15 0.07 0.04 0.03 0.02
7714.29 13.37 0.51 0.15 0.07 0.04 0.03 0.02
7728.57 13.37 0.44 0.13 0.06 0.04 0.02 0.02
7742.86 10.69 0.49 0.14 0.06 0.04 0.02 0.02
7757.14 7.13 0.52 0.16 0.08 0.04 0.03 0.02
7771.43 9.80 0.49 0.16 0.07 0.04 0.03 0.02
7785.71 11.58 0.53 0.16 0.07 0.04 0.03 0.02
7800.00 13.37 0.44 0.14 0.07 0.04 0.03 0.02
7814.29 6.24 0.41 0.13 0.06 0.04 0.02 0.02
7828.57 8.91 0.47 0.15 0.07 0.04 0.03 0.02
7842.86 13.37 0.43 0.13 0.07 0.04 0.02 0.02
7857.14 10.69 0.39 0.14 0.06 0.04 0.02 0.02
7871.43 4.46 0.47 0.15 0.07 0.04 0.03 0.02
7885.71 11.58 0.45 0.15 0.07 0.04 0.03 0.02
7900.00 8.02 0.38 0.12 0.06 0.03 0.02 0.02
7914.29 7.13 0.49 0.15 0.07 0.04 0.03 0.02
7928.57 14.26 0.45 0.14 0.07 0.04 0.03 0.02
7942.86 14.26 0.49 0.15 0.08 0.04 0.03 0.02
7957.14 10.69 0.42 0.13 0.06 0.04 0.02 0.02
7971.43 3.56 0.43 0.13 0.06 0.03 0.02 0.02
7985.71 8.91 0.43 0.14 0.06 0.04 0.03 0.02
8000.00 13.37 0.45 0.14 0.07 0.04 0.03 0.02
8014.29 9.80 0.48 0.15 0.07 0.04 0.03 0.02
8028.57 8.02 0.41 0.13 0.06 0.04 0.02 0.02
8042.86 9.80 0.47 0.14 0.06 0.04 0.02 0.02
8057.14 9.80 0.41 0.15 0.07 0.04 0.03 0.02
8071.43 6.24 0.46 0.15 0.07 0.04 0.03 0.02
8085.71 10.69 0.48 0.15 0.07 0.04 0.03 0.02
8100.00 5.35 0.44 0.14 0.06 0.04 0.02 0.02
8114.29 8.02 0.52 0.14 0.07 0.04 0.03 0.02
8128.57 12.47 0.54 0.17 0.08 0.05 0.03 0.02
8142.86 6.24 0.41 0.14 0.07 0.04 0.03 0.02
8157.14 8.02 0.48 0.15 0.07 0.04 0.03 0.02
8171.43 8.91 0.47 0.15 0.07 0.04 0.03 0.02
8185.71 9.80 0.46 0.14 0.06 0.04 0.03 0.02
8200.00 11.58 0.48 0.15 0.07 0.04 0.03 0.02
8214.29 8.91 0.38 0.13 0.06 0.04 0.03 0.02
8228.57 11.58 0.48 0.16 0.07 0.04 0.03 0.02
8242.86 13.37 0.46 0.15 0.07 0.04 0.03 0.02
8257.14 10.69 0.48 0.14 0.06 0.04 0.02 0.02
8271.43 8.91 0.51 0.15 0.07 0.04 0.03 0.02
8285.71 11.58 0.48 0.14 0.06 0.04 0.02 0.02
8300.00 8.91 0.46 0.15 0.07 0.04 0.03 0.02
8314.29 12.47 0.51 0.16 0.07 0.04 0.03 0.02
8328.57 9.80 0.46 0.14 0.06 0.04 0.03 0.02
8342.86 14.26 0.41 0.13 0.06 0.04 0.02 0.02
8357.14 13.37 0.45 0.13 0.06 0.03 0.02 0.02
8371.43 12.47 0.52 0.15 0.07 0.04 0.03 0.02
8385.71 8.02 0.44 0.13 0.06 0.04 0.03 0.02
8400.00 8.91 0.48 0.13 0.06 0.04 0.02 0.02
8414.29 9.80 0.46 0.14 0.06 0.04 0.02 0.02
8428.57 12.47 0.51 0.16 0.07 0.04 0.03 0.02
8442.86 6.24 0.42 0.13 0.06 0.03 0.02 0.02
8457.14 7.13 0.46 0.14 0.06 0.04 0.02 0.02
8471.43 8.91 0.45 0.13 0.06 0.04 0.02 0.02
8485.71 5.35 0.37 0.11 0.05 0.03 0.02 0.02
8500.00 10.69 0.40 0.12 0.06 0.04 0.02 0.02
8514.29 3.56 0.36 0.12 0.06 0.03 0.02 0.02
8528.57 10.69 0.43 0.13 0.06 0.04 0.02 0.02
8542.86 9.80 0.40 0.11 0.05 0.03 0.02 0.02
8557.14 8.91 0.44 0.14 0.07 0.04 0.03 0.02
8571.43 9.80 0.37 0.11 0.05 0.03 0.02 0.02
8585.71 13.37 0.47 0.14 0.06 0.04 0.03 0.02
8600.00 6.24 0.48 0.13 0.06 0.04 0.02 0.02
8614.29 9.80 0.46 0.13 0.06 0.04 0.02 0.02
8628.57 5.35 0.31 0.08 0.04 0.03 0.02 0.01
8642.86 6.24 0.43 0.12 0.06 0.03 0.02 0.02
8657.14 10.69 0.41 0.12 0.05 0.03 0.02 0.02
8671.43 9.80 0.46 0.13 0.06 0.04 0.02 0.02
8685.71 13.37 0.39 0.11 0.05 0.03 0.02 0.02
8700.00 13.37 0.37 0.11 0.06 0.03 0.02 0.02
8714.29 8.91 0.44 0.13 0.06 0.04 0.02 0.02
8728.57 8.02 0.48 0.12 0.06 0.03 0.02 0.02
8742.86 8.91 0.38 0.12 0.05 0.03 0.02 0.02
8757.14 14.26 0.49 0.14 0.07 0.04 0.03 0.02
8771.43 8.02 0.36 0.12 0.05 0.03 0.02 0.02
8785.71 8.02 0.36 0.12 0.06 0.04 0.03 0.02
8800.00 13.37 0.44 0.12 0.05 0.03 0.02 0.02
8814.29 10.69 0.43 0.13 0.06 0.04 0.02 0.02
8828.57 9.80 0.36 0.11 0.05 0.03 0.02 0.02
8842.86 12.47 0.36 0.11 0.05 0.03 0.02 0.02
8857.14 7.13 0.41 0.12 0.05 0.03 0.02 0.02
8871.43 11.58 0.36 0.11 0.05 0.03 0.02 0.02
8885.71 16.04 0.37 0.11 0.05 0.03 0.02 0.02
8900.00 10.69 0.39 0.11 0.05 0.03 0.02 0.02
8914.29 7.13 0.43 0.13 0.06 0.03 0.02 0.02
8928.57 4.46 0.41 0.12 0.05 0.03 0.02 0.02
8942.86 4.46 0.32 0.10 0.05 0.03 0.02 0.01
8957.14 11.58 0.43 0.11 0.05 0.03 0.02 0.01
8971.43 10.69 0.48 0.13 0.06 0.03 0.02 0.02
8985.71 8.02 0.39 0.11 0.05 0.03 0.02 0.01
9000.00 11.58 0.45 0.14 0.06 0.03 0.02 0.02
9014.29 8.02 0.48 0.13 0.06 0.04 0.02 0.02
9028.57 12.47 0.39 0.11 0.05 0.03 0.02 0.02
9042.86 9.80 0.43 0.12 0.06 0.03 0.02 0.02
9057.14 8.02 0.36 0.12 0.05 0.03 0.02 0.01
9071.43 8.02 0.41 0.13 0.06 0.03 0.02 0.02
9085.71 7.13 0.34 0.11 0.05 0.03 0.02 0.01
9100.00 10.69 0.38 0.11 0.05 0.03 0.02 0.01
9114.29 11.58 0.42 0.12 0.05 0.03 0.02 0.01
9128.57 13.37 0.41 0.12 0.05 0.03 0.02 0.01
9142.86 16.04 0.37 0.12 0.05 0.03 0.02 0.01
9157.14 8.02 0.44 0.13 0.06 0.03 0.02 0.02
9171.43 10.69 0.38 0.11 0.05 0.03 0.02 0.01
9185.71 8.91 0.40 0.11 0.05 0.03 0.02 0.01
9200.00 5.35 0.41 0.12 0.05 0.03 0.02 0.01
9214.29 8.02 0.37 0.11 0.05 0.03 0.02 0.01
9228.57 11.58 0.38 0.11 0.05 0.03 0.02 0.01
9242.86 13.37 0.43 0.12 0.06 0.03 0.02 0.01
9257.14 7.13 0.41 0.12 0.05 0.03 0.02 0.01
9271.43 14.26 0.43 0.12 0.06 0.03 0.02 0.02
9285.71 13.37 0.33 0.10 0.04 0.03 0.02 0.01
9300.00 7.13 0.38 0.11 0.05 0.03 0.02 0.01
9314.29 8.02 0.36 0.10 0.05 0.03 0.02 0.01
9328.57 10.69 0.49 0.13 0.06 0.03 0.02 0.02
9342.86 14.26 0.44 0.13 0.06 0.03 0.02 0.02
9357.14 13.37 0.41 0.12 0.05 0.03 0.02 0.01
9371.43 12.47 0.37 0.11 0.05 0.03 0.02 0.01
9385.71 12.47 0.40 0.11 0.05 0.03 0.02 0.01
9400.00 12.47 0.40 0.11 0.05 0.03 0.02 0.01
9414.29 9.80 0.42 0.12 0.05 0.03 0.02 0.01
9428.57 10.69 0.43 0.13 0.06 0.03 0.02 0.02
9442.86 0.00 0.39 0.11 0.06 0.03 0.02 0.02
9457.14 9.80 0.38 0.10 0.05 0.03 0.02 0.01
9471.43 8.02 0.32 0.10 0.04 0.03 0.02 0.01
9485.71 8.02 0.38 0.11 0.05 0.03 0.02 0.02
9500.00 11.58 0.41 0.12 0.05 0.03 0.02 0.02
9514.29 11.58 0.41 0.11 0.05 0.03 0.02 0.02
9528.57 14.26 0.44 0.12 0.06 0.04 0.02 0.02
9542.86 18.71 0.40 0.11 0.05 0.03 0.02 0.02
9557.14 11.58 0.44 0.12 0.05 0.03 0.02 0.02
9571.43 16.04 0.48 0.12 0.06 0.03 0.02 0.02
9585.71 6.24 0.36 0.10 0.05 0.03 0.02 0.02
9600.00 15.15 0.45 0.12 0.06 0.03 0.02 0.02
9614.29 8.02 0.43 0.12 0.05 0.03 0.02 0.02
9628.57 7.13 0.42 0.11 0.05 0.03 0.02 0.02
9642.86 13.37 0.39 0.10 0.05 0.03 0.02 0.01
9657.14 9.80 0.40 0.11 0.05 0.03 0.02 0.02
9671.43 12.47 0.39 0.10 0.05 0.03 0.02 0.02
9685.71 13.37 0.44 0.12 0.05 0.03 0.02 0.02
9700.00 11.58 0.44 0.12 0.05 0.03 0.02 0.02
9714.29 11.58 0.38 0.10 0.05 0.03 0.02 0.01
9728.57 13.37 0.35 0.10 0.04 0.03 0.02 0.01
9742.86 16.93 0.33 0.09 0.05 0.03 0.02 0.01
9757.14 5.35 0.35 0.10 0.04 0.03 0.02 0.01
9771.43 15.15 0.36 0.10 0.05 0.03 0.02 0.01
9785.71 8.91 0.35 0.10 0.05 0.03 0.02 0.01
9800.00 8.91 0.34 0.09 0.04 0.03 0.02 0.01
9814.29 7.13 0.31 0.09 0.05 0.03 0.02 0.01
9828.57 8.02 0.36 0.11 0.05 0.03 0.02 0.01
9842.86 9.80 0.41 0.12 0.06 0.03 0.02 0.02
9857.14 8.02 0.25 0.07 0.03 0.02 0.01 0.01
9871.43 16.04 0.33 0.09 0.04 0.03 0.02 0.01
9885.71 13.37 0.33 0.08 0.04 0.02 0.02 0.01
9900.00 7.13 0.35 0.09 0.04 0.03 0.02 0.01
9914.29 8.91 0.35 0.09 0.04 0.03 0.02 0.01
9928.57 9.80 0.33 0.09 0.04 0.03 0.02 0.01
9942.86 7.13 0.31 0.08 0.04 0.02 0.02 0.01
9957.14 7.13 0.28 0.09 0.04 0.02 0.02 0.01
9971.43 7.13 0.32 0.08 0.04 0.02 0.01 0.01
9985.71 11.58 0.39 0.10 0.05 0.03 0.02 0.01
10000.00 10.69 0.31 0.08 0.04 0.02 0.02 0.01
10014.30 9.80 0.41 0.10 0.05 0.03 0.02 0.01
10028.60 7.13 0.38 0.09 0.04 0.03 0.02 0.01
10042.90 9.80 0.43 0.11 0.05 0.03 0.02 0.01
10057.10 11.58 0.33 0.09 0.04 0.02 0.02 0.01
10071.40 9.80 0.36 0.09 0.04 0.02 0.02 0.01
10085.70 16.04 0.40 0.10 0.05 0.03 0.02 0.01
10100.00 14.26 0.42 0.10 0.04 0.03 0.02 0.01
10114.30 5.35 0.35 0.09 0.04 0.02 0.02 0.01
10128.60 16.93 0.40 0.10 0.04 0.03 0.02 0.01
10142.90 14.26 0.36 0.09 0.04 0.02 0.02 0.01
10157.10 7.13 0.29 0.08 0.03 0.02 0.01 0.01
10171.40 9.80 0.35 0.08 0.04 0.02 0.02 0.01
10185.70 10.69 0.39 0.09 0.04 0.03 0.02 0.01
10200.00 16.04 0.33 0.08 0.04 0.02 0.02 0.01
10214.30 6.24 0.34 0.09 0.04 0.02 0.02 0.01
10228.60 17.82 0.34 0.08 0.03 0.02 0.01 0.01
10242.90 10.69 0.33 0.08 0.04 0.02 0.01 0.01
10257.10 12.47 0.33 0.08 0.04 0.02 0.02 0.01
10271.40 8.91 0.34 0.08 0.04 0.02 0.02 0.01
10285.70 15.15 0.37 0.09 0.04 0.02 0.02 0.01
10300.00 11.58 0.36 0.09 0.04 0.03 0.02 0.01
10314.30 9.80 0.35 0.09 0.04 0.02 0.02 0.01
10328.60 8.91 0.34 0.09 0.04 0.02 0.02 0.01
10342.90 13.37 0.33 0.08 0.04 0.02 0.01 0.01
10357.10 15.15 0.41 0.10 0.04 0.03 0.02 0.01
10371.40 8.91 0.32 0.08 0.04 0.02 0.01 0.01
10385.70 8.02 0.31 0.09 0.04 0.02 0.02 0.01
10400.00 9.80 0.32 0.08 0.04 0.02 0.02 0.01
10414.30 12.47 0.36 0.09 0.04 0.02 0.02 0.01
10428.60 12.47 0.36 0.08 0.04 0.02 0.02 0.01
10442.90 13.37 0.34 0.09 0.04 0.02 0.02 0.01
10457.10 0.00 0.14 0.09 0.04 0.02 0.02 0.01
10471.40 8.91 0.36 0.09 0.04 0.02 0.02 0.01
10485.70 10.69 0.39 0.09 0.04 0.02 0.02 0.01
10500.00 16.04 0.35 0.09 0.04 0.02 0.02 0.01
10514.30 8.91 0.32 0.08 0.04 0.02 0.02 0.01
10528.60 7.13 0.29 0.08 0.03 0.02 0.02 0.01
10542.90 9.80 0.41 0.09 0.04 0.03 0.02 0.01
10557.10 14.26 0.39 0.10 0.04 0.03 0.02 0.01
10571.40 9.80 0.32 0.08 0.04 0.02 0.02 0.01
10585.70 0.89 0.17 0.08 0.04 0.02 0.02 0.01
10600.00 9.80 0.32 0.08 0.04 0.02 0.02 0.01
10614.30 0.89 0.29 0.08 0.04 0.02 0.02 0.01
10628.60 16.93 0.39 0.09 0.04 0.02 0.02 0.01
10642.90 8.91 0.39 0.10 0.04 0.03 0.02 0.01
10657.10 13.37 0.36 0.09 0.04 0.02 0.02 0.01
10671.40 7.13 0.30 0.08 0.03 0.02 0.01 0.01
10685.70 7.13 0.39 0.10 0.04 0.03 0.02 0.01
10700.00 7.13 0.31 0.09 0.04 0.02 0.02 0.01
10714.30 11.58 0.34 0.09 0.04 0.02 0.02 0.01
10728.60 15.15 0.34 0.09 0.04 0.02 0.02 0.01
10742.90 13.37 0.34 0.09 0.04 0.02 0.01 0.01
10757.10 19.60 0.36 0.08 0.04 0.02 0.01 0.01
10771.40 11.58 0.34 0.08 0.04 0.02 0.01 0.01
10785.70 15.15 0.36 0.09 0.04 0.02 0.02 0.01
10800.00 15.15 0.35 0.09 0.04 0.02 0.02 0.01
10814.30 14.26 0.29 0.07 0.03 0.02 0.01 0.01
10828.60 8.91 0.28 0.07 0.03 0.02 0.01 0.01
10842.90 11.58 0.37 0.09 0.04 0.02 0.02 0.01
10857.10 7.13 0.31 0.08 0.03 0.02 0.01 0.01
10871.40 15.15 0.31 0.08 0.04 0.02 0.02 0.01
10885.70 16.04 0.36 0.09 0.04 0.02 0.02 0.01
10900.00 10.69 0.34 0.08 0.04 0.02 0.02 0.01
10914.30 8.91 0.32 0.08 0.04 0.02 0.01 0.01
10928.60 6.24 0.34 0.08 0.04 0.02 0.02 0.01
10942.90 8.91 0.41 0.09 0.04 0.02 0.02 0.01
10957.10 12.47 0.34 0.08 0.03 0.02 0.01 0.01
10971.40 8.02 0.26 0.07 0.03 0.02 0.02 0.01
10985.70 13.37 0.29 0.07 0.03 0.02 0.01 0.01
11000.00 9.80 0.36 0.09 0.04 0.02 0.02 0.01
11014.30 7.13 0.30 0.07 0.03 0.02 0.01 0.01
11028.60 13.37 0.39 0.09 0.04 0.02 0.02 0.01
11042.90 10.69 0.28 0.07 0.03 0.02 0.01 0.01
11057.10 14.26 0.31 0.08 0.03 0.02 0.01 0.01
11071.40 8.91 0.35 0.08 0.04 0.02 0.02 0.01
11085.70 14.26 0.31 0.07 0.03 0.02 0.01 0.01
11100.00 10.69 0.30 0.07 0.03 0.02 0.01 0.01
11114.30 5.35 0.23 0.06 0.03 0.02 0.01 0.01
11128.60 9.80 0.32 0.07 0.03 0.02 0.01 0.01
11142.90 9.80 0.31 0.07 0.03 0.02 0.01 0.01
11157.10 8.91 0.29 0.07 0.03 0.02 0.01 0.01
11171.40 16.93 0.31 0.07 0.03 0.02 0.01 0.01
11185.70 8.91 0.23 0.06 0.03 0.02 0.01 0.01
11200.00 13.37 0.35 0.09 0.04 0.02 0.01 0.01
11214.30 8.91 0.32 0.07 0.03 0.02 0.01 0.01
11228.60 8.91 0.31 0.07 0.03 0.02 0.01 0.01
11242.90 13.37 0.31 0.07 0.03 0.02 0.01 0.01
11257.10 8.91 0.29 0.07 0.03 0.02 0.01 0.01
11271.40 8.02 0.32 0.08 0.04 0.02 0.01 0.01
11285.70 8.91 0.30 0.07 0.03 0.02 0.01 0.01
11300.00 10.69 0.31 0.08 0.04 0.02 0.01 0.01
11314.30 13.37 0.31 0.08 0.03 0.02 0.01 0.01
11328.60 11.58 0.29 0.07 0.03 0.02 0.01 0.01
11342.90 10.69 0.37 0.09 0.04 0.02 0.02 0.01
11357.10 12.47 0.33 0.08 0.03 0.02 0.01 0.01
11371.40 11.58 0.27 0.07 0.03 0.02 0.01 0.01
11385.70 10.69 0.32 0.08 0.03 0.02 0.01 0.01
11400.00 16.93 0.29 0.08 0.03 0.02 0.01 0.01
11414.30 7.13 0.29 0.07 0.03 0.02 0.01 0.01
11428.60 15.15 0.40 0.09 0.04 0.02 0.02 0.01
