Time	First	Second	Third	Fourth	Fifth	Sixth	Seventh
0.00 0.04 0.77 1.80 2.93 3.94 4.84 5.69
14.29 0.02 0.79 1.90 3.06 3.97 4.90 5.94
28.57 0.02 0.87 1.99 3.06 4.18 5.10 5.96
42.86 0.00 0.74 1.72 2.80 3.82 4.71 5.62
57.14 0.03 0.70 1.90 2.91 3.90 4.87 5.81
71.43 0.04 0.75 1.83 2.89 4.00 4.99 5.77
85.71 0.03 0.76 1.85 3.04 4.06 5.04 5.90
100.00 0.01 0.73 1.72 2.83 3.90 4.86 5.76
114.29 0.04 0.82 1.98 2.97 4.06 5.09 5.95
128.57 0.04 0.68 1.73 2.87 3.94 4.89 5.76
142.86 0.03 0.76 1.83 2.81 3.90 5.02 5.83
157.14 0.02 0.70 1.74 2.90 3.96 5.02 5.92
171.43 0.01 0.72 1.84 2.96 3.99 4.93 5.77
185.71 0.03 0.78 1.87 2.94 4.16 5.01 5.86
200.00 0.03 0.65 1.71 2.91 4.00 4.96 5.87
214.29 0.04 0.72 1.78 2.86 3.84 4.73 5.67
228.57 0.05 0.71 1.79 2.88 4.02 4.96 5.84
242.86 0.03 0.73 1.84 2.81 3.80 4.73 5.67
257.14 0.02 0.70 1.76 2.79 3.80 4.84 5.67
271.43 0.03 0.81 1.81 2.88 4.00 5.00 5.92
285.71 0.03 0.72 1.67 2.80 3.83 4.77 5.73
300.00 0.03 0.68 1.71 2.79 3.96 4.88 5.74
314.29 0.02 0.68 1.75 2.88 4.00 4.91 5.86
328.57 0.03 0.74 1.78 2.99 4.06 5.01 5.91
342.86 0.03 0.73 1.82 3.03 4.04 5.03 5.91
357.14 0.03 0.74 1.73 2.83 3.93 4.98 5.88
371.43 0.01 0.65 1.81 2.88 3.90 4.99 5.87
385.71 0.04 0.71 1.74 2.94 4.03 4.99 5.84
400.00 0.03 0.85 1.99 3.07 4.13 5.24 6.11
414.29 0.02 0.83 1.93 3.04 4.06 5.05 5.86
428.57 0.03 0.73 1.77 2.76 3.82 4.95 5.92
442.86 0.02 0.68 1.75 2.95 4.06 5.03 5.98
457.14 0.02 0.85 2.04 3.08 4.14 5.12 6.03
471.43 0.03 0.65 1.90 3.04 4.06 5.15 6.01
485.71 0.04 0.79 1.97 3.16 4.21 5.12 6.12
500.00 0.03 0.73 1.76 2.91 4.11 5.07 6.05
514.29 0.02 0.57 1.81 3.02 4.09 5.17 5.99
528.57 0.02 0.78 1.93 2.92 4.00 5.00 5.95
542.86 0.05 0.82 2.06 3.23 4.37 5.43 6.27
557.14 0.03 0.69 1.83 2.88 4.13 5.22 6.03
571.43 0.03 0.75 1.84 3.08 4.20 5.19 6.09
585.71 0.03 0.82 2.03 3.21 4.38 5.36 6.23
600.00 0.02 0.81 1.92 3.13 4.20 5.27 6.18
614.29 0.03 0.82 1.86 3.15 4.21 5.21 6.10
628.57 0.04 0.81 1.90 3.07 4.11 5.17 6.08
642.86 0.03 0.82 2.01 3.19 4.29 5.22 6.15
657.14 0.04 0.85 1.88 3.11 4.33 5.20 6.06
671.43 0.04 0.76 1.83 3.03 4.13 5.17 6.14
685.71 0.02 0.80 2.05 3.08 4.25 5.24 6.14
700.00 0.02 0.78 1.87 3.05 4.18 5.20 6.05
714.29 0.04 0.66 1.80 3.07 4.16 5.15 6.07
728.57 0.02 0.75 1.90 3.06 4.14 5.09 6.04
742.86 0.03 0.79 1.93 3.22 4.37 5.31 6.16
757.14 0.03 0.65 1.79 2.84 3.94 5.05 5.89
771.43 0.03 0.70 1.84 2.88 4.00 5.02 6.03
785.71 0.02 0.73 1.87 3.10 4.22 5.31 6.31
800.00 0.03 0.82 1.87 2.98 4.20 5.30 6.29
814.29 0.01 0.82 1.87 3.07 4.14 5.13 6.09
828.57 0.04 0.75 1.78 2.95 4.21 5.31 6.26
842.86 0.04 0.73 1.82 2.94 4.13 5.13 6.05
857.14 0.04 0.75 1.77 2.87 3.96 4.99 5.95
871.43 0.02 0.76 1.96 3.03 4.27 5.32 6.36
885.71 0.03 0.76 1.79 2.97 4.09 5.14 6.18
900.00 0.03 0.74 1.87 3.08 4.09 5.11 6.02
914.29 0.04 0.75 1.97 3.09 4.17 5.31 6.23
928.57 0.04 0.75 1.81 2.93 4.03 5.15 6.02
942.86 0.03 0.74 1.82 2.93 3.99 5.04 5.96
957.14 0.04 0.78 1.85 3.07 4.13 5.26 6.15
971.43 0.03 0.76 1.87 3.07 4.21 5.40 6.33
985.71 0.04 0.62 1.74 2.99 4.09 5.09 6.06
1000.00 0.03 0.78 2.00 3.13 4.19 5.24 6.20
1014.29 0.04 0.74 1.87 3.06 4.22 5.25 6.18
1028.57 0.05 0.81 2.02 3.09 4.27 5.29 6.27
1042.86 0.03 0.73 1.93 3.08 4.25 5.39 6.33
1057.14 0.04 0.77 1.89 3.04 4.13 5.25 6.18
1071.43 0.03 0.64 1.78 2.89 3.91 5.00 5.91
1085.71 0.03 0.74 1.87 2.94 4.01 5.13 6.08
1100.00 0.01 0.64 1.75 2.89 3.92 5.00 5.84
1114.29 0.03 0.68 1.75 2.98 4.05 5.17 6.07
1128.57 0.05 0.76 1.88 3.00 4.19 5.36 6.26
1142.86 0.04 0.75 1.89 3.06 4.11 5.18 6.12
1157.14 0.04 0.78 1.79 2.96 3.95 4.99 5.91
1171.43 0.02 0.76 1.85 2.89 3.97 4.96 5.86
1185.71 0.01 0.61 1.65 2.78 3.82 4.81 5.68
1200.00 0.02 0.69 1.74 2.82 3.78 4.86 5.75
1214.29 0.03 0.73 1.70 2.79 3.79 4.75 5.54
1228.57 0.04 0.80 1.86 2.81 3.78 4.70 5.54
1242.86 0.02 0.79 1.86 2.91 4.00 4.95 5.71
1257.14 0.03 0.67 1.68 2.63 3.62 4.56 5.45
1271.43 0.03 0.72 1.69 2.84 3.79 4.82 5.56
1285.71 0.04 0.66 1.66 2.75 3.76 4.70 5.51
1300.00 0.04 0.65 1.69 2.72 3.61 4.52 5.32
1314.29 0.04 0.79 1.81 2.79 3.81 4.74 5.54
1328.57 0.03 0.63 1.64 2.74 3.73 4.67 5.40
1342.86 0.03 0.65 1.73 2.81 3.67 4.60 5.38
1357.14 0.03 0.67 1.69 2.76 3.77 4.59 5.42
1371.43 0.03 0.65 1.68 2.67 3.63 4.52 5.31
1385.71 0.03 0.67 1.68 2.59 3.40 4.24 5.06
1400.00 0.03 0.57 1.48 2.46 3.42 4.30 4.99
1414.29 0.04 0.63 1.59 2.62 3.48 4.36 5.09
1428.57 0.04 0.61 1.56 2.50 3.50 4.47 5.16
1442.86 0.03 0.70 1.67 2.58 3.46 4.27 4.95
1457.14 0.04 0.71 1.63 2.53 3.46 4.28 4.98
1471.43 0.02 0.65 1.65 2.53 3.37 4.10 4.73
1485.71 0.03 0.69 1.54 2.45 3.31 4.07 4.78
1500.00 0.01 0.68 1.59 2.58 3.37 4.12 4.87
1514.29 0.05 0.74 1.71 2.62 3.46 4.25 4.91
1528.57 0.04 0.67 1.59 2.55 3.36 4.15 4.92
1542.86 0.02 0.65 1.57 2.39 3.24 3.98 4.68
1557.14 0.05 0.65 1.57 2.37 3.21 4.00 4.75
1571.43 0.03 0.68 1.67 2.62 3.47 4.09 4.79
1585.71 0.03 0.65 1.46 2.20 3.07 3.81 4.51
1600.00 0.04 0.78 1.66 2.50 3.37 4.09 4.78
1614.29 0.03 0.66 1.63 2.49 3.32 4.09 4.72
1628.57 0.02 0.74 1.58 2.43 3.12 3.82 4.49
1642.86 0.04 0.69 1.63 2.42 3.20 3.90 4.50
1657.14 0.01 0.75 1.74 2.62 3.42 4.10 4.81
1671.43 0.03 0.62 1.52 2.47 3.22 3.90 4.54
1685.71 0.04 0.60 1.57 2.56 3.28 3.92 4.55
1700.00 0.03 0.68 1.52 2.43 3.19 3.84 4.41
1714.29 0.03 0.74 1.63 2.45 3.20 3.92 4.43
1728.57 0.04 0.65 1.50 2.38 3.13 3.75 4.29
1742.86 0.04 0.56 1.46 2.37 3.14 3.85 4.49
1757.14 0.02 0.66 1.50 2.40 3.22 3.93 4.42
1771.43 0.02 0.67 1.64 2.52 3.25 3.87 4.50
1785.71 0.02 0.66 1.55 2.41 3.17 3.85 4.49
1800.00 0.03 0.69 1.59 2.35 3.03 3.63 4.15
1814.29 0.05 0.68 1.65 2.47 3.09 3.78 4.29
1828.57 0.03 0.71 1.63 2.47 3.23 3.89 4.44
1842.86 0.05 0.64 1.63 2.44 3.14 3.76 4.18
1857.14 0.04 0.73 1.53 2.42 3.05 3.69 4.25
1871.43 0.03 0.69 1.59 2.50 3.21 3.81 4.39
1885.71 0.03 0.70 1.59 2.44 3.07 3.66 4.25
1900.00 0.03 0.69 1.64 2.50 3.18 3.90 4.38
1914.29 0.03 0.66 1.62 2.52 3.27 3.98 4.46
1928.57 0.02 0.69 1.52 2.37 3.06 3.67 4.20
1942.86 0.03 0.65 1.52 2.32 3.08 3.71 4.20
1957.14 0.03 0.68 1.43 2.31 3.13 3.68 4.19
1971.43 0.04 0.72 1.53 2.36 3.05 3.64 4.12
1985.71 0.03 0.66 1.44 2.26 2.90 3.47 4.04
2000.00 0.03 0.70 1.55 2.40 3.20 3.82 4.26
2014.29 0.04 0.77 1.57 2.41 3.14 3.73 4.18
2028.57 0.03 0.60 1.40 2.28 3.00 3.63 4.12
2042.86 0.03 0.69 1.66 2.49 3.28 3.87 4.40
2057.14 0.04 0.68 1.63 2.40 3.18 3.79 4.28
2071.43 0.03 0.68 1.68 2.42 3.19 3.81 4.21
2085.71 0.03 0.63 1.50 2.34 3.06 3.64 4.08
2100.00 0.02 0.63 1.52 2.39 3.20 3.81 4.32
2114.29 0.03 0.65 1.54 2.33 3.09 3.64 4.21
2128.57 0.04 0.69 1.61 2.55 3.22 3.84 4.37
2142.86 0.04 0.69 1.50 2.42 3.12 3.58 4.09
2157.14 0.01 0.62 1.55 2.35 2.99 3.59 4.03
2171.43 0.04 0.62 1.69 2.58 3.34 3.87 4.39
2185.71 0.04 0.59 1.43 2.30 2.97 3.51 4.02
2200.00 0.02 0.66 1.55 2.33 3.02 3.56 3.99
2214.29 0.04 0.71 1.54 2.33 3.09 3.64 4.12
2228.57 0.04 0.70 1.59 2.51 3.20 3.74 4.31
2242.86 0.04 0.60 1.54 2.37 3.10 3.57 4.05
2257.14 0.03 0.61 1.47 2.39 3.15 3.68 4.17
2271.43 0.01 0.55 1.57 2.41 3.10 3.63 4.12
2285.71 0.04 0.62 1.43 2.33 3.08 3.70 4.18
2300.00 0.04 0.70 1.61 2.47 3.18 3.73 4.15
2314.29 0.04 0.69 1.63 2.35 3.00 3.53 4.01
2328.57 0.03 0.55 1.49 2.31 3.00 3.56 4.03
2342.86 0.02 0.64 1.58 2.37 3.07 3.57 4.11
2357.14 0.03 0.68 1.67 2.53 3.30 3.83 4.37
2371.43 0.03 0.64 1.46 2.29 3.00 3.52 4.09
2385.71 0.03 0.63 1.40 2.21 2.96 3.59 4.05
2400.00 0.04 0.67 1.61 2.44 3.21 3.72 4.22
2414.29 0.03 0.68 1.51 2.32 3.03 3.55 4.04
2428.57 0.03 0.69 1.50 2.28 2.95 3.50 3.97
2442.86 0.04 0.66 1.55 2.35 2.97 3.58 4.07
2457.14 0.04 0.72 1.45 2.20 2.86 3.42 3.94
2471.43 0.02 0.63 1.46 2.37 2.98 3.53 4.03
2485.71 0.04 0.69 1.60 2.48 3.14 3.70 4.12
2500.00 0.03 0.56 1.39 2.30 3.00 3.64 4.09
2514.29 0.03 0.59 1.49 2.36 3.08 3.69 4.12
2528.57 0.02 0.54 1.35 2.25 2.94 3.51 3.96
2542.86 0.03 0.60 1.49 2.37 3.06 3.70 4.11
2557.14 0.04 0.69 1.64 2.47 3.22 3.83 4.28
2571.43 0.04 0.66 1.54 2.33 3.04 3.60 4.07
2585.71 0.03 0.64 1.50 2.37 3.03 3.67 4.12
2600.00 0.03 0.63 1.43 2.15 2.83 3.41 3.90
2614.29 0.04 0.68 1.62 2.40 3.15 3.69 4.15
2628.57 0.03 0.66 1.53 2.38 3.01 3.59 4.02
2642.86 0.03 0.59 1.49 2.21 3.02 3.60 4.06
2657.14 0.05 0.74 1.55 2.41 3.12 3.68 4.20
2671.43 0.04 0.71 1.55 2.34 3.09 3.65 4.17
2685.71 0.03 0.62 1.50 2.44 3.15 3.77 4.25
2700.00 0.01 0.64 1.49 2.40 3.07 3.61 4.09
2714.29 0.04 0.66 1.58 2.38 3.08 3.63 4.06
2728.57 0.02 0.63 1.47 2.35 3.05 3.68 4.12
2742.86 0.02 0.62 1.60 2.33 3.02 3.69 4.15
2757.14 0.05 0.72 1.66 2.51 3.25 3.89 4.38
2771.43 0.03 0.63 1.53 2.36 3.05 3.56 4.05
2785.71 0.03 0.62 1.43 2.30 2.94 3.48 3.93
2800.00 0.04 0.64 1.53 2.31 3.13 3.69 4.12
2814.29 0.06 0.58 1.50 2.34 3.05 3.59 4.08
2828.57 0.05 0.72 1.68 2.61 3.29 3.87 4.36
2842.86 0.03 0.61 1.45 2.31 3.00 3.66 4.08
2857.14 0.02 0.62 1.52 2.40 3.07 3.65 4.16
2871.43 0.02 0.66 1.54 2.35 3.05 3.65 4.09
2885.71 0.02 0.60 1.39 2.18 2.86 3.52 4.02
2900.00 0.02 0.64 1.56 2.37 3.01 3.55 4.06
2914.29 0.03 0.64 1.57 2.44 3.23 3.79 4.20
2928.57 0.02 0.55 1.44 2.19 2.90 3.46 3.92
2942.86 0.04 0.60 1.49 2.25 3.01 3.52 3.95
2957.14 0.03 0.71 1.65 2.50 3.27 3.87 4.28
2971.43 0.03 0.61 1.46 2.28 2.94 3.50 3.93
2985.71 0.05 0.63 1.53 2.23 2.85 3.42 3.89
3000.00 0.03 0.74 1.63 2.51 3.32 3.85 4.29
3014.29 0.04 0.70 1.59 2.39 3.07 3.62 4.06
3028.57 0.03 0.75 1.66 2.54 3.21 3.78 4.28
3042.86 0.04 0.66 1.62 2.39 3.20 3.78 4.25
3057.14 0.06 0.69 1.64 2.51 3.19 3.75 4.20
3071.43 0.02 0.67 1.63 2.53 3.23 3.79 4.24
3085.71 0.03 0.60 1.44 2.27 2.92 3.50 4.03
3100.00 0.04 0.69 1.63 2.52 3.25 3.77 4.23
3114.29 0.02 0.78 1.67 2.40 3.04 3.67 4.11
3128.57 0.02 0.70 1.63 2.45 3.16 3.67 4.08
3142.86 0.03 0.69 1.50 2.31 3.03 3.58 4.02
3157.14 0.03 0.68 1.43 2.24 2.87 3.50 3.98
3171.43 0.06 0.68 1.62 2.41 3.13 3.67 4.09
3185.71 0.03 0.62 1.58 2.40 3.19 3.76 4.25
3200.00 0.03 0.67 1.61 2.39 3.05 3.66 4.13
3214.29 0.02 0.58 1.44 2.41 3.14 3.73 4.18
3228.57 0.04 0.65 1.40 2.13 2.85 3.46 3.92
3242.86 0.04 0.62 1.47 2.24 2.99 3.55 4.01
3257.14 0.02 0.64 1.41 2.22 2.92 3.56 4.06
3271.43 0.04 0.69 1.57 2.34 3.09 3.69 4.21
3285.71 0.04 0.71 1.56 2.39 3.07 3.61 4.06
3300.00 0.04 0.69 1.59 2.39 3.12 3.72 4.15
3314.29 0.04 0.70 1.64 2.43 3.04 3.64 4.09
3328.57 0.01 0.69 1.53 2.40 3.07 3.71 4.10
3342.86 0.06 0.66 1.58 2.47 3.12 3.67 4.12
3357.14 0.04 0.65 1.56 2.33 3.00 3.46 4.02
3371.43 0.04 0.62 1.53 2.36 3.00 3.58 4.01
3385.71 0.03 0.69 1.73 2.59 3.28 3.85 4.36
3400.00 0.03 0.59 1.53 2.43 3.21 3.77 4.22
3414.29 0.01 0.69 1.53 2.45 3.15 3.66 4.06
3428.57 0.03 0.71 1.62 2.39 3.08 3.58 4.02
3442.86 0.01 0.65 1.54 2.38 3.11 3.74 4.18
3457.14 0.03 0.68 1.49 2.30 3.10 3.58 4.01
3471.43 0.04 0.60 1.48 2.25 2.99 3.60 4.05
3485.71 0.04 0.77 1.61 2.42 3.12 3.70 4.17
3500.00 0.01 0.64 1.56 2.38 3.08 3.64 4.08
3514.29 0.03 0.63 1.54 2.31 3.04 3.56 3.91
3528.57 0.05 0.70 1.62 2.46 3.23 3.75 4.21
3542.86 0.05 0.70 1.62 2.49 3.26 3.81 4.25
3557.14 0.03 0.61 1.40 2.24 2.95 3.45 3.87
3571.43 0.03 0.76 1.53 2.41 3.17 3.78 4.23
3585.71 0.04 0.65 1.52 2.41 3.09 3.63 4.03
3600.00 0.04 0.62 1.61 2.42 3.12 3.58 4.05
3614.29 0.05 0.68 1.70 2.55 3.30 3.80 4.22
3628.57 0.04 0.72 1.58 2.34 3.06 3.52 3.96
3642.86 0.02 0.70 1.54 2.40 3.08 3.65 4.11
3657.14 0.03 0.71 1.61 2.47 3.16 3.62 4.07
3671.43 0.02 0.59 1.52 2.40 3.03 3.59 4.00
3685.71 0.04 0.72 1.57 2.38 3.13 3.59 3.96
3700.00 0.01 0.62 1.45 2.31 2.96 3.58 4.04
3714.29 0.04 0.60 1.54 2.38 3.10 3.64 4.05
3728.57 0.03 0.67 1.59 2.50 3.24 3.80 4.14
3742.86 0.04 0.69 1.62 2.38 3.09 3.67 4.10
3757.14 0.05 0.70 1.64 2.39 3.06 3.61 4.03
3771.43 0.02 0.67 1.56 2.43 3.09 3.63 4.08
3785.71 0.03 0.75 1.67 2.57 3.27 3.80 4.21
3800.00 0.04 0.69 1.63 2.48 3.15 3.69 4.17
3814.29 0.04 0.74 1.78 2.63 3.27 3.75 4.15
3828.57 0.03 0.72 1.51 2.47 3.10 3.78 4.16
3842.86 0.03 0.57 1.51 2.39 3.08 3.68 4.05
3857.14 0.02 0.74 1.66 2.54 3.32 3.83 4.33
3871.43 0.05 0.59 1.45 2.40 3.12 3.70 4.08
3885.71 0.02 0.67 1.53 2.27 2.94 3.53 4.00
3900.00 0.04 0.75 1.62 2.42 3.17 3.78 4.19
3914.29 0.04 0.61 1.58 2.41 3.19 3.82 4.24
3928.57 0.03 0.62 1.59 2.38 3.14 3.79 4.25
3942.86 0.04 0.69 1.68 2.55 3.26 3.85 4.24
3957.14 0.03 0.68 1.68 2.51 3.17 3.80 4.18
3971.43 0.04 0.63 1.59 2.42 3.17 3.81 4.33
3985.71 0.03 0.68 1.54 2.39 3.15 3.81 4.26
4000.00 0.06 0.71 1.55 2.35 3.12 3.67 4.03
4014.29 0.04 0.75 1.51 2.25 2.97 3.59 4.07
4028.57 0.03 0.68 1.59 2.40 3.26 3.88 4.30
4042.86 0.04 0.70 1.69 2.55 3.24 3.76 4.21
4057.14 0.04 0.67 1.49 2.38 3.04 3.56 4.05
4071.43 0.04 0.69 1.65 2.47 3.04 3.69 4.15
4085.71 0.02 0.65 1.67 2.51 3.16 3.77 4.21
4100.00 0.04 0.68 1.64 2.46 3.20 3.78 4.26
4114.29 0.04 0.70 1.62 2.49 3.21 3.82 4.25
4128.57 0.04 0.64 1.54 2.35 2.97 3.48 3.89
4142.86 0.02 0.71 1.69 2.57 3.25 3.86 4.31
4157.14 0.03 0.62 1.60 2.46 3.33 3.80 4.23
4171.43 0.04 0.66 1.64 2.49 3.16 3.65 4.05
4185.71 0.03 0.72 1.62 2.59 3.26 3.81 4.18
4200.00 0.03 0.78 1.75 2.56 3.28 3.83 4.30
4214.29 0.02 0.61 1.57 2.48 3.28 3.92 4.39
4228.57 0.03 0.60 1.58 2.39 3.15 3.69 4.11
4242.86 0.05 0.58 1.41 2.25 2.96 3.56 4.08
4257.14 0.03 0.55 1.50 2.28 2.95 3.57 3.97
4271.43 0.07 0.62 1.56 2.34 3.03 3.56 4.03
4285.71 0.03 0.63 1.62 2.47 3.22 3.79 4.28
4300.00 0.03 0.57 1.46 2.22 2.90 3.44 3.85
4314.29 0.04 0.71 1.63 2.32 3.03 3.60 4.08
4328.57 0.03 0.53 1.46 2.28 2.96 3.51 3.99
4342.86 0.03 0.62 1.43 2.23 2.96 3.55 4.04
4357.14 0.03 0.60 1.44 2.24 2.91 3.39 3.84
4371.43 0.02 0.54 1.38 2.18 2.84 3.38 3.84
4385.71 0.06 0.62 1.37 2.12 2.79 3.37 3.79
4400.00 0.06 0.71 1.51 2.27 2.97 3.46 3.92
4414.29 0.05 0.59 1.42 2.11 2.79 3.36 3.91
4428.57 0.04 0.63 1.37 2.08 2.72 3.28 3.76
4442.86 0.03 0.65 1.38 2.15 2.81 3.29 3.71
4457.14 0.06 0.62 1.32 1.98 2.66 3.09 3.56
4471.43 0.03 0.57 1.30 1.91 2.58 3.09 3.55
4485.71 0.04 0.56 1.25 1.99 2.61 3.11 3.57
4500.00 0.03 0.59 1.30 1.95 2.44 2.99 3.42
4514.29 0.03 0.62 1.30 1.89 2.53 2.97 3.33
4528.57 0.03 0.60 1.28 2.01 2.59 3.06 3.46
4542.86 0.03 0.58 1.25 1.93 2.49 3.00 3.43
4557.14 0.01 0.54 1.19 1.84 2.38 2.91 3.28
4571.43 0.03 0.57 1.18 1.83 2.32 2.79 3.31
4585.71 0.05 0.59 1.14 1.77 2.18 2.61 3.01
4600.00 0.03 0.57 1.27 1.81 2.35 2.82 3.28
4614.29 0.04 0.60 1.22 1.80 2.25 2.67 3.09
4628.57 0.04 0.61 1.39 1.94 2.44 2.97 3.38
4642.86 0.03 0.57 1.28 1.86 2.28 2.75 3.15
4657.14 0.04 0.59 1.24 1.77 2.19 2.63 3.07
4671.43 0.04 0.62 1.30 1.82 2.16 2.53 2.89
4685.71 0.03 0.57 1.36 1.87 2.24 2.64 2.94
4700.00 0.02 0.66 1.24 1.74 2.18 2.61 3.02
4714.29 0.03 0.60 1.31 1.81 2.34 2.71 3.07
4728.57 0.03 0.59 1.25 1.78 2.15 2.52 2.90
4742.86 0.05 0.57 1.25 1.65 2.06 2.47 2.83
4757.14 0.04 0.63 1.24 1.72 2.11 2.49 2.80
4771.43 0.04 0.59 1.26 1.78 2.13 2.50 2.85
4785.71 0.05 0.51 1.19 1.69 2.12 2.51 2.90
4800.00 0.06 0.58 1.31 1.82 2.15 2.50 2.75
4814.29 0.03 0.55 1.21 1.68 2.06 2.41 2.73
4828.57 0.03 0.54 1.15 1.64 2.03 2.37 2.72
4842.86 0.04 0.49 1.17 1.72 2.11 2.46 2.71
4857.14 0.04 0.63 1.30 1.85 2.20 2.53 2.81
4871.43 0.02 0.51 1.12 1.65 2.00 2.34 2.61
4885.71 0.03 0.54 1.21 1.64 2.03 2.36 2.60
4900.00 0.04 0.61 1.21 1.69 2.08 2.35 2.55
4914.29 0.04 0.63 1.27 1.77 2.06 2.35 2.65
4928.57 0.04 0.53 1.22 1.66 2.08 2.30 2.54
4942.86 0.03 0.59 1.25 1.74 2.13 2.49 2.80
4957.14 0.02 0.59 1.32 1.87 2.19 2.50 2.78
4971.43 0.03 0.55 1.22 1.63 1.98 2.27 2.52
4985.71 0.03 0.63 1.30 1.80 2.19 2.48 2.74
5000.00 0.03 0.57 1.29 1.78 2.14 2.44 2.76
5014.29 0.03 0.56 1.18 1.64 2.00 2.33 2.54
5028.57 0.04 0.60 1.22 1.74 2.09 2.38 2.68
5042.86 0.02 0.44 1.10 1.65 2.05 2.34 2.62
5057.14 0.04 0.57 1.23 1.74 2.16 2.40 2.62
5071.43 0.02 0.44 1.08 1.59 1.97 2.22 2.49
5085.71 0.02 0.51 1.14 1.65 2.00 2.26 2.53
5100.00 0.03 0.50 1.19 1.68 2.01 2.30 2.61
5114.29 0.01 0.60 1.31 1.83 2.24 2.47 2.69
5128.57 0.02 0.52 1.15 1.65 1.95 2.22 2.46
5142.86 0.04 0.60 1.29 1.78 2.19 2.48 2.75
5157.14 0.02 0.56 1.21 1.72 2.07 2.34 2.60
5171.43 0.02 0.63 1.32 1.88 2.19 2.48 2.71
5185.71 0.04 0.60 1.25 1.80 2.15 2.40 2.65
5200.00 0.03 0.62 1.27 1.86 2.13 2.37 2.60
5214.29 0.02 0.65 1.27 1.71 2.04 2.33 2.63
5228.57 0.04 0.60 1.26 1.71 2.06 2.32 2.60
5242.86 0.03 0.63 1.30 1.77 2.10 2.44 2.68
5257.14 0.02 0.60 1.36 1.87 2.25 2.61 2.86
5271.43 0.04 0.67 1.34 1.87 2.28 2.57 2.84
5285.71 0.03 0.75 1.40 1.91 2.37 2.66 2.84
5300.00 0.04 0.59 1.31 1.88 2.24 2.55 2.76
5314.29 0.05 0.55 1.23 1.84 2.22 2.52 2.70
5328.57 0.04 0.71 1.52 2.10 2.44 2.74 2.98
5342.86 0.04 0.74 1.43 2.01 2.41 2.69 2.96
5357.14 0.06 0.60 1.29 1.84 2.16 2.47 2.73
5371.43 0.03 0.61 1.36 1.85 2.22 2.48 2.73
5385.71 0.03 0.61 1.41 1.92 2.31 2.64 2.93
5400.00 0.02 0.52 1.23 1.85 2.30 2.60 2.87
5414.29 0.02 0.53 1.26 1.72 2.13 2.44 2.67
5428.57 0.04 0.49 1.18 1.75 2.19 2.52 2.77
5442.86 0.04 0.58 1.15 1.72 2.15 2.48 2.71
5457.14 0.03 0.59 1.14 1.60 2.00 2.30 2.57
5471.43 0.01 0.45 1.04 1.51 1.86 2.20 2.52
5485.71 0.04 0.41 0.91 1.40 1.74 2.09 2.35
5500.00 0.02 0.49 0.95 1.44 1.83 2.20 2.43
5514.29 0.06 0.53 1.10 1.56 1.92 2.22 2.54
5528.57 0.03 0.39 0.84 1.38 1.69 2.03 2.32
5542.86 0.03 0.43 0.94 1.41 1.77 2.04 2.32
5557.14 0.02 0.43 0.87 1.29 1.67 1.92 2.14
5571.43 0.05 0.49 0.91 1.25 1.68 1.99 2.28
5585.71 0.02 0.48 0.87 1.28 1.62 1.88 2.11
5600.00 0.04 0.43 0.80 1.14 1.55 1.78 2.06
5614.29 0.05 0.42 0.82 1.25 1.59 1.87 2.09
5628.57 0.03 0.42 0.83 1.21 1.50 1.79 2.04
5642.86 0.05 0.49 0.93 1.31 1.59 1.87 2.09
5657.14 0.01 0.41 0.81 1.09 1.39 1.73 1.98
5671.43 0.04 0.48 0.90 1.22 1.50 1.77 2.04
5685.71 0.03 0.41 0.76 1.02 1.32 1.62 1.87
5700.00 0.02 0.50 0.99 1.30 1.61 1.93 2.21
5714.29 0.04 0.47 0.89 1.18 1.43 1.72 1.96
5728.57 0.01 0.43 0.82 1.12 1.38 1.62 1.85
5742.86 0.02 0.47 0.80 1.13 1.38 1.66 1.86
5757.14 0.04 0.41 0.81 1.07 1.31 1.58 1.81
5771.43 0.06 0.53 0.89 1.22 1.46 1.66 1.84
5785.71 0.03 0.49 0.82 1.06 1.24 1.45 1.65
5800.00 0.02 0.44 0.86 1.08 1.28 1.55 1.72
5814.29 0.01 0.45 0.82 1.05 1.22 1.43 1.65
5828.57 0.03 0.41 0.78 1.03 1.26 1.44 1.65
5842.86 0.04 0.49 0.87 1.10 1.30 1.47 1.67
5857.14 0.05 0.46 0.91 1.11 1.33 1.47 1.61
5871.43 0.05 0.46 0.85 1.04 1.24 1.41 1.56
5885.71 0.04 0.50 0.88 1.06 1.25 1.44 1.60
5900.00 0.02 0.50 0.86 1.09 1.28 1.40 1.60
5914.29 0.06 0.49 0.90 1.08 1.24 1.37 1.52
5928.57 0.01 0.41 0.87 1.06 1.23 1.38 1.59
5942.86 0.01 0.46 0.84 1.05 1.19 1.35 1.46
5957.14 0.05 0.49 0.82 1.05 1.17 1.34 1.48
5971.43 0.02 0.48 0.91 1.15 1.33 1.48 1.62
5985.71 0.05 0.45 0.79 1.00 1.13 1.28 1.41
6000.00 0.03 0.41 0.74 1.01 1.18 1.31 1.43
6014.29 0.03 0.44 0.80 1.06 1.24 1.37 1.50
6028.57 0.00 0.43 0.86 1.07 1.20 1.31 1.45
6042.86 0.04 0.49 0.84 1.06 1.19 1.30 1.40
6057.14 0.03 0.49 0.86 1.04 1.18 1.31 1.41
6071.43 0.04 0.50 0.93 1.12 1.27 1.39 1.47
6085.71 0.04 0.48 0.82 1.04 1.16 1.28 1.40
6100.00 0.03 0.47 0.86 1.07 1.19 1.31 1.45
6114.29 0.02 0.50 0.98 1.16 1.34 1.43 1.52
6128.57 0.03 0.37 0.78 1.02 1.20 1.27 1.35
6142.86 0.04 0.51 0.90 1.08 1.21 1.28 1.39
6157.14 0.01 0.45 0.85 1.13 1.27 1.34 1.43
6171.43 0.06 0.51 0.89 1.13 1.24 1.31 1.40
6185.71 0.04 0.47 0.85 1.08 1.24 1.32 1.42
6200.00 0.03 0.43 0.84 1.07 1.20 1.27 1.35
6214.29 0.03 0.49 0.94 1.24 1.34 1.43 1.53
6228.57 0.01 0.41 0.82 1.10 1.22 1.31 1.41
6242.86 0.03 0.44 0.80 0.99 1.09 1.16 1.22
6257.14 0.02 0.38 0.74 1.03 1.19 1.28 1.35
6271.43 0.03 0.37 0.75 1.03 1.20 1.30 1.35
6285.71 0.03 0.46 0.91 1.17 1.31 1.39 1.43
6300.00 0.01 0.42 0.80 1.09 1.24 1.32 1.37
6314.29 0.01 0.41 0.77 0.99 1.13 1.22 1.30
6328.57 0.03 0.45 0.80 1.03 1.18 1.22 1.29
6342.86 0.03 0.39 0.80 1.07 1.17 1.27 1.36
6357.14 0.05 0.47 0.88 1.09 1.21 1.29 1.39
6371.43 0.03 0.41 0.85 1.09 1.24 1.30 1.37
6385.71 0.03 0.44 0.84 1.07 1.22 1.29 1.35
6400.00 0.05 0.46 0.88 1.16 1.30 1.37 1.44
6414.29 0.08 0.44 0.82 1.08 1.20 1.28 1.33
6428.57 0.04 0.42 0.72 0.92 1.08 1.19 1.27
6442.86 0.04 0.42 0.82 1.02 1.15 1.25 1.31
6457.14 0.04 0.42 0.79 1.03 1.23 1.30 1.38
6471.43 0.03 0.42 0.82 1.07 1.17 1.27 1.31
6485.71 0.03 0.44 0.78 0.97 1.07 1.17 1.25
6500.00 0.04 0.53 0.89 1.11 1.26 1.35 1.44
6514.29 0.04 0.53 0.91 1.18 1.29 1.41 1.51
6528.57 0.04 0.54 0.94 1.13 1.25 1.34 1.41
6542.86 0.03 0.47 0.88 1.10 1.23 1.37 1.43
6557.14 0.04 0.45 0.81 0.99 1.12 1.25 1.32
6571.43 0.02 0.44 0.84 1.07 1.20 1.30 1.38
6585.71 0.06 0.44 0.84 1.04 1.16 1.25 1.32
6600.00 0.04 0.47 0.88 1.06 1.15 1.27 1.32
6614.29 0.05 0.46 0.82 1.00 1.15 1.25 1.33
6628.57 0.04 0.47 0.86 1.08 1.20 1.35 1.44
6642.86 0.03 0.46 0.89 1.03 1.19 1.27 1.32
6657.14 0.04 0.48 0.85 1.03 1.22 1.35 1.44
6671.43 0.03 0.41 0.84 1.03 1.21 1.28 1.37
6685.71 0.04 0.50 0.79 0.90 1.02 1.11 1.22
6700.00 0.06 0.48 0.89 1.09 1.24 1.32 1.42
6714.29 0.04 0.47 0.81 0.99 1.06 1.16 1.25
6728.57 0.02 0.49 0.89 1.12 1.22 1.35 1.44
6742.86 0.03 0.43 0.76 0.97 1.15 1.20 1.30
6757.14 0.05 0.44 0.81 0.96 1.10 1.18 1.25
6771.43 0.04 0.38 0.77 0.95 1.07 1.19 1.31
6785.71 0.04 0.41 0.75 0.95 1.08 1.17 1.25
6800.00 0.05 0.46 0.84 1.05 1.18 1.27 1.35
6814.29 0.05 0.40 0.78 1.01 1.13 1.25 1.33
6828.57 0.03 0.41 0.72 0.94 1.11 1.25 1.33
6842.86 0.03 0.50 0.86 1.06 1.16 1.23 1.33
6857.14 0.03 0.45 0.83 1.01 1.14 1.23 1.31
6871.43 0.03 0.46 0.85 1.06 1.18 1.26 1.31
6885.71 0.05 0.49 0.86 1.05 1.17 1.27 1.35
6900.00 0.03 0.45 0.74 0.93 1.05 1.17 1.27
6914.29 0.06 0.46 0.79 0.99 1.09 1.17 1.25
6928.57 0.03 0.38 0.69 0.90 1.02 1.09 1.16
6942.86 0.04 0.43 0.86 1.06 1.16 1.26 1.34
6957.14 0.03 0.47 0.84 1.08 1.20 1.26 1.32
6971.43 0.04 0.47 0.85 1.05 1.22 1.32 1.40
6985.71 0.03 0.40 0.73 0.92 1.07 1.19 1.30
7000.00 0.04 0.38 0.67 0.85 0.96 1.02 1.10
7014.29 0.02 0.40 0.72 0.91 1.07 1.16 1.25
7028.57 0.04 0.37 0.71 0.93 1.06 1.17 1.25
7042.86 0.04 0.48 0.81 0.97 1.10 1.18 1.30
7057.14 0.03 0.44 0.76 0.95 1.06 1.15 1.24
7071.43 0.03 0.41 0.75 0.93 1.12 1.22 1.27
7085.71 0.05 0.40 0.77 0.95 1.09 1.20 1.28
7100.00 0.06 0.45 0.74 0.94 1.12 1.21 1.30
7114.29 0.04 0.38 0.59 0.78 0.92 1.04 1.12
7128.57 0.03 0.41 0.75 0.90 1.00 1.15 1.24
7142.86 0.06 0.40 0.70 0.88 1.01 1.11 1.21
7157.14 0.03 0.40 0.75 0.89 1.03 1.16 1.29
7171.43 0.03 0.41 0.66 0.83 0.99 1.12 1.18
7185.71 0.03 0.37 0.61 0.77 0.90 1.01 1.12
7200.00 0.06 0.33 0.63 0.82 0.95 1.07 1.22
7214.29 0.01 0.43 0.71 0.85 0.97 1.07 1.16
7228.57 0.05 0.47 0.72 0.87 0.95 1.06 1.18
7242.86 0.04 0.48 0.71 0.86 1.00 1.10 1.23
7257.14 0.03 0.41 0.65 0.79 0.95 1.05 1.16
7271.43 0.04 0.48 0.72 0.87 0.99 1.09 1.18
7285.71 0.03 0.40 0.70 0.85 0.97 1.08 1.15
7300.00 0.03 0.41 0.69 0.88 0.98 1.07 1.19
7314.29 0.02 0.32 0.66 0.80 0.90 1.05 1.17
7328.57 0.05 0.46 0.75 0.87 0.95 1.05 1.13
7342.86 0.02 0.41 0.72 0.87 0.98 1.09 1.18
7357.14 0.03 0.38 0.74 0.91 1.02 1.15 1.26
7371.43 0.04 0.37 0.65 0.81 0.90 1.03 1.14
7385.71 0.04 0.40 0.66 0.81 0.94 1.00 1.09
7400.00 0.06 0.40 0.73 0.88 0.97 1.10 1.19
7414.29 0.04 0.38 0.70 0.83 0.91 0.99 1.11
7428.57 0.04 0.44 0.75 0.87 0.96 1.10 1.19
7442.86 0.02 0.43 0.75 0.89 0.97 1.06 1.16
7457.14 0.05 0.47 0.77 0.84 0.93 1.00 1.08
7471.43 0.02 0.32 0.60 0.70 0.79 0.86 1.00
7485.71 0.04 0.43 0.68 0.79 0.87 0.94 1.03
7500.00 0.03 0.46 0.71 0.82 0.93 0.99 1.10
7514.29 0.07 0.37 0.60 0.75 0.79 0.83 0.93
7528.57 0.05 0.41 0.66 0.76 0.84 0.90 0.97
7542.86 0.01 0.37 0.64 0.74 0.81 0.90 0.99
7557.14 0.03 0.39 0.70 0.81 0.93 1.02 1.10
7571.43 0.03 0.43 0.66 0.80 0.87 0.97 1.05
7585.71 0.03 0.44 0.65 0.74 0.82 0.88 0.99
7600.00 0.05 0.44 0.70 0.88 0.91 0.99 1.05
7614.29 0.04 0.42 0.65 0.79 0.88 0.97 1.07
7628.57 0.04 0.43 0.79 0.92 1.00 1.06 1.15
7642.86 0.04 0.42 0.64 0.78 0.86 0.92 0.98
7657.14 0.03 0.43 0.65 0.77 0.82 0.90 0.98
7671.43 0.04 0.38 0.66 0.77 0.83 0.90 0.92
7685.71 0.07 0.44 0.71 0.83 0.91 0.97 1.00
7700.00 0.07 0.47 0.68 0.79 0.86 0.93 0.99
7714.29 0.06 0.46 0.71 0.84 0.91 1.00 1.07
7728.57 0.06 0.39 0.60 0.73 0.81 0.86 0.93
7742.86 0.04 0.44 0.63 0.72 0.77 0.85 0.92
7757.14 0.03 0.47 0.76 0.88 0.96 1.02 1.10
7771.43 0.04 0.44 0.73 0.82 0.89 0.95 1.02
7785.71 0.05 0.48 0.75 0.86 0.93 0.99 1.04
7800.00 0.06 0.39 0.66 0.78 0.84 0.90 0.97
7814.29 0.03 0.37 0.63 0.75 0.82 0.87 0.92
7828.57 0.04 0.42 0.70 0.81 0.89 0.93 1.01
7842.86 0.06 0.38 0.62 0.77 0.82 0.85 0.91
7857.14 0.04 0.35 0.63 0.73 0.81 0.84 0.90
7871.43 0.02 0.43 0.69 0.84 0.88 0.93 1.01
7885.71 0.05 0.40 0.72 0.84 0.91 0.96 1.03
7900.00 0.03 0.34 0.58 0.66 0.74 0.81 0.86
7914.29 0.03 0.44 0.69 0.82 0.90 0.97 1.03
7928.57 0.06 0.40 0.66 0.80 0.88 0.95 1.01
7942.86 0.06 0.44 0.72 0.88 0.96 1.04 1.08
7957.14 0.04 0.38 0.61 0.74 0.82 0.86 0.91
7971.43 0.01 0.39 0.63 0.70 0.75 0.80 0.89
7985.71 0.04 0.38 0.65 0.74 0.80 0.88 0.92
8000.00 0.06 0.41 0.64 0.78 0.87 0.94 1.00
8014.29 0.04 0.43 0.68 0.77 0.85 0.91 0.99
8028.57 0.03 0.37 0.61 0.71 0.78 0.86 0.93
8042.86 0.04 0.42 0.63 0.71 0.77 0.84 0.90
8057.14 0.04 0.37 0.69 0.79 0.86 0.93 0.99
8071.43 0.03 0.41 0.68 0.77 0.82 0.88 0.94
8085.71 0.04 0.43 0.70 0.81 0.87 0.95 1.01
8100.00 0.02 0.39 0.66 0.74 0.81 0.87 0.93
8114.29 0.03 0.47 0.67 0.77 0.83 0.92 1.00
8128.57 0.05 0.49 0.80 0.92 0.98 1.04 1.13
8142.86 0.03 0.37 0.66 0.78 0.84 0.91 0.99
8157.14 0.03 0.43 0.70 0.82 0.88 0.94 1.03
8171.43 0.04 0.43 0.69 0.80 0.88 0.96 0.99
8185.71 0.04 0.42 0.67 0.75 0.82 0.89 0.93
8200.00 0.05 0.43 0.70 0.78 0.85 0.92 1.01
8214.29 0.04 0.34 0.60 0.71 0.81 0.91 0.96
8228.57 0.05 0.44 0.74 0.81 0.90 0.95 1.01
8242.86 0.06 0.42 0.72 0.79 0.85 0.92 1.02
8257.14 0.04 0.43 0.63 0.71 0.80 0.87 0.94
8271.43 0.04 0.46 0.72 0.81 0.89 0.93 0.99
8285.71 0.05 0.43 0.63 0.72 0.77 0.83 0.88
8300.00 0.04 0.42 0.68 0.78 0.87 0.94 1.01
8314.29 0.05 0.46 0.74 0.84 0.90 0.96 1.04
8328.57 0.04 0.41 0.65 0.75 0.81 0.90 0.95
8342.86 0.06 0.37 0.60 0.72 0.77 0.81 0.87
8357.14 0.06 0.41 0.60 0.69 0.75 0.80 0.84
8371.43 0.05 0.47 0.68 0.76 0.83 0.88 0.96
8385.71 0.03 0.40 0.62 0.75 0.81 0.89 0.97
8400.00 0.04 0.43 0.62 0.71 0.76 0.81 0.88
8414.29 0.04 0.41 0.63 0.71 0.79 0.85 0.91
8428.57 0.05 0.46 0.74 0.85 0.92 1.03 1.09
8442.86 0.03 0.38 0.60 0.69 0.73 0.82 0.87
8457.14 0.03 0.41 0.63 0.75 0.80 0.86 0.94
8471.43 0.04 0.40 0.60 0.72 0.79 0.83 0.88
8485.71 0.02 0.33 0.52 0.62 0.69 0.74 0.80
8500.00 0.04 0.36 0.57 0.71 0.78 0.83 0.91
8514.29 0.01 0.32 0.55 0.64 0.69 0.78 0.85
8528.57 0.04 0.39 0.62 0.70 0.76 0.87 0.95
8542.86 0.04 0.36 0.53 0.63 0.75 0.81 0.89
8557.14 0.04 0.40 0.63 0.77 0.86 0.94 1.02
8571.43 0.04 0.33 0.52 0.63 0.74 0.79 0.86
8585.71 0.06 0.43 0.66 0.71 0.80 0.90 0.97
8600.00 0.03 0.43 0.62 0.72 0.77 0.85 0.91
8614.29 0.04 0.41 0.62 0.72 0.78 0.85 0.94
8628.57 0.02 0.28 0.39 0.49 0.57 0.65 0.74
8642.86 0.03 0.38 0.57 0.66 0.73 0.81 0.89
8657.14 0.04 0.37 0.54 0.63 0.73 0.83 0.93
8671.43 0.04 0.42 0.62 0.71 0.77 0.87 0.99
8685.71 0.06 0.35 0.53 0.63 0.69 0.76 0.84
8700.00 0.06 0.33 0.53 0.66 0.74 0.84 0.91
8714.29 0.04 0.40 0.59 0.71 0.77 0.85 0.99
8728.57 0.03 0.44 0.56 0.65 0.73 0.83 0.93
8742.86 0.04 0.34 0.54 0.62 0.69 0.79 0.91
8757.14 0.06 0.44 0.66 0.77 0.88 0.96 1.06
8771.43 0.03 0.32 0.54 0.63 0.74 0.82 0.94
8785.71 0.03 0.32 0.58 0.69 0.77 0.91 0.99
8800.00 0.06 0.40 0.55 0.62 0.69 0.77 0.87
8814.29 0.04 0.38 0.59 0.72 0.77 0.85 0.90
8828.57 0.04 0.32 0.50 0.59 0.67 0.75 0.86
8842.86 0.05 0.32 0.52 0.60 0.73 0.78 0.85
8857.14 0.03 0.37 0.54 0.62 0.68 0.75 0.84
8871.43 0.05 0.32 0.52 0.60 0.67 0.72 0.82
8885.71 0.07 0.33 0.50 0.56 0.60 0.67 0.77
8900.00 0.04 0.35 0.52 0.60 0.65 0.71 0.81
8914.29 0.03 0.38 0.62 0.68 0.73 0.77 0.87
8928.57 0.02 0.37 0.56 0.60 0.65 0.72 0.78
8942.86 0.02 0.29 0.49 0.56 0.59 0.66 0.71
8957.14 0.05 0.38 0.51 0.57 0.62 0.66 0.75
8971.43 0.04 0.44 0.61 0.66 0.70 0.78 0.84
8985.71 0.03 0.35 0.50 0.60 0.63 0.68 0.74
9000.00 0.05 0.41 0.65 0.69 0.75 0.81 0.85
9014.29 0.03 0.43 0.62 0.71 0.78 0.82 0.89
9028.57 0.05 0.35 0.53 0.59 0.67 0.74 0.79
9042.86 0.04 0.38 0.54 0.65 0.68 0.73 0.79
9057.14 0.03 0.32 0.54 0.62 0.66 0.69 0.75
9071.43 0.03 0.37 0.61 0.67 0.72 0.78 0.84
9085.71 0.03 0.31 0.52 0.58 0.64 0.71 0.75
9100.00 0.04 0.34 0.52 0.60 0.64 0.70 0.73
9114.29 0.05 0.38 0.57 0.62 0.66 0.70 0.75
9128.57 0.06 0.37 0.56 0.61 0.66 0.69 0.74
9142.86 0.07 0.34 0.57 0.63 0.66 0.71 0.74
9157.14 0.03 0.39 0.60 0.65 0.68 0.72 0.79
9171.43 0.04 0.34 0.49 0.55 0.59 0.65 0.70
9185.71 0.04 0.36 0.51 0.60 0.63 0.69 0.72
9200.00 0.02 0.37 0.55 0.60 0.66 0.71 0.74
9214.29 0.03 0.34 0.53 0.58 0.62 0.65 0.70
9228.57 0.05 0.34 0.53 0.59 0.61 0.67 0.71
9242.86 0.06 0.38 0.54 0.64 0.68 0.70 0.74
9257.14 0.03 0.37 0.54 0.59 0.63 0.67 0.74
9271.43 0.06 0.38 0.55 0.65 0.68 0.72 0.77
9285.71 0.06 0.30 0.44 0.50 0.55 0.59 0.66
9300.00 0.03 0.34 0.51 0.56 0.60 0.65 0.69
9314.29 0.03 0.32 0.49 0.56 0.60 0.64 0.69
9328.57 0.04 0.44 0.62 0.70 0.74 0.79 0.84
9342.86 0.06 0.40 0.61 0.66 0.69 0.74 0.81
9357.14 0.06 0.37 0.54 0.62 0.65 0.70 0.74
9371.43 0.05 0.34 0.50 0.57 0.61 0.66 0.71
9385.71 0.05 0.36 0.53 0.62 0.65 0.71 0.76
9400.00 0.05 0.36 0.51 0.59 0.65 0.69 0.76
9414.29 0.04 0.38 0.56 0.62 0.66 0.69 0.74
9428.57 0.04 0.38 0.61 0.68 0.73 0.79 0.83
9442.86 0.00 0.35 0.53 0.64 0.71 0.78 0.85
9457.14 0.04 0.34 0.47 0.56 0.63 0.69 0.75
9471.43 0.03 0.29 0.45 0.50 0.55 0.60 0.70
9485.71 0.03 0.34 0.51 0.59 0.66 0.71 0.77
9500.00 0.05 0.37 0.55 0.62 0.68 0.75 0.80
9514.29 0.05 0.37 0.51 0.58 0.65 0.72 0.81
9528.57 0.06 0.39 0.57 0.70 0.76 0.85 0.93
9542.86 0.08 0.36 0.50 0.58 0.65 0.71 0.85
9557.14 0.05 0.39 0.54 0.62 0.68 0.77 0.85
9571.43 0.07 0.44 0.57 0.65 0.74 0.77 0.87
9585.71 0.03 0.32 0.48 0.56 0.64 0.70 0.79
9600.00 0.06 0.41 0.57 0.64 0.67 0.75 0.82
9614.29 0.03 0.38 0.56 0.61 0.71 0.76 0.83
9628.57 0.03 0.38 0.53 0.57 0.65 0.72 0.82
9642.86 0.06 0.35 0.46 0.53 0.57 0.62 0.71
9657.14 0.04 0.36 0.51 0.57 0.63 0.71 0.79
9671.43 0.05 0.35 0.49 0.55 0.62 0.68 0.79
9685.71 0.06 0.40 0.54 0.62 0.66 0.71 0.81
9700.00 0.05 0.40 0.56 0.62 0.68 0.75 0.83
9714.29 0.05 0.34 0.47 0.54 0.63 0.69 0.75
9728.57 0.06 0.31 0.46 0.51 0.56 0.61 0.68
9742.86 0.07 0.30 0.43 0.53 0.58 0.66 0.74
9757.14 0.02 0.31 0.46 0.52 0.58 0.61 0.71
9771.43 0.06 0.32 0.46 0.53 0.59 0.67 0.75
9785.71 0.04 0.31 0.45 0.52 0.60 0.67 0.73
9800.00 0.04 0.31 0.42 0.50 0.58 0.65 0.76
9814.29 0.03 0.28 0.44 0.53 0.61 0.64 0.73
9828.57 0.03 0.32 0.50 0.56 0.61 0.67 0.73
9842.86 0.04 0.37 0.56 0.64 0.71 0.78 0.88
9857.14 0.03 0.22 0.34 0.40 0.45 0.52 0.57
9871.43 0.07 0.30 0.40 0.49 0.55 0.61 0.67
9885.71 0.06 0.30 0.40 0.46 0.52 0.59 0.66
9900.00 0.03 0.32 0.42 0.49 0.54 0.63 0.70
9914.29 0.04 0.32 0.43 0.50 0.55 0.61 0.72
9928.57 0.04 0.29 0.40 0.47 0.54 0.61 0.69
9942.86 0.03 0.28 0.39 0.48 0.50 0.56 0.60
9957.14 0.03 0.25 0.41 0.49 0.53 0.59 0.63
9971.43 0.03 0.29 0.37 0.43 0.47 0.52 0.59
9985.71 0.05 0.35 0.48 0.52 0.59 0.65 0.73
10000.00 0.04 0.28 0.38 0.45 0.52 0.59 0.65
10014.30 0.04 0.37 0.47 0.53 0.57 0.63 0.70
10028.60 0.03 0.34 0.44 0.51 0.56 0.62 0.72
10042.90 0.04 0.39 0.51 0.56 0.60 0.64 0.68
10057.10 0.05 0.29 0.40 0.49 0.52 0.55 0.60
10071.40 0.04 0.32 0.42 0.45 0.52 0.59 0.63
10085.70 0.07 0.36 0.47 0.52 0.56 0.61 0.65
10100.00 0.06 0.38 0.47 0.52 0.57 0.63 0.69
10114.30 0.02 0.32 0.44 0.49 0.53 0.58 0.65
10128.60 0.07 0.36 0.46 0.52 0.54 0.61 0.68
10142.90 0.06 0.33 0.42 0.47 0.53 0.57 0.62
10157.10 0.03 0.26 0.37 0.40 0.45 0.50 0.59
10171.40 0.04 0.32 0.39 0.46 0.52 0.59 0.64
10185.70 0.04 0.35 0.44 0.49 0.55 0.59 0.66
10200.00 0.07 0.30 0.40 0.44 0.47 0.53 0.59
10214.30 0.03 0.31 0.41 0.45 0.50 0.55 0.63
10228.60 0.07 0.31 0.35 0.38 0.41 0.47 0.53
10242.90 0.04 0.30 0.39 0.42 0.46 0.49 0.56
10257.10 0.05 0.29 0.39 0.41 0.47 0.53 0.57
10271.40 0.04 0.31 0.38 0.43 0.47 0.55 0.63
10285.70 0.06 0.33 0.44 0.49 0.53 0.56 0.61
10300.00 0.05 0.32 0.44 0.49 0.54 0.59 0.65
10314.30 0.04 0.31 0.41 0.48 0.52 0.59 0.66
10328.60 0.04 0.30 0.43 0.46 0.49 0.54 0.60
10342.90 0.06 0.29 0.38 0.42 0.46 0.52 0.57
10357.10 0.06 0.37 0.47 0.52 0.56 0.59 0.67
10371.40 0.04 0.29 0.37 0.41 0.45 0.49 0.56
10385.70 0.03 0.28 0.41 0.46 0.49 0.56 0.62
10400.00 0.04 0.29 0.38 0.43 0.47 0.54 0.62
10414.30 0.05 0.32 0.41 0.46 0.51 0.55 0.63
10428.60 0.05 0.32 0.38 0.42 0.47 0.53 0.57
10442.90 0.06 0.31 0.41 0.47 0.52 0.57 0.62
10457.10 0.00 0.13 0.43 0.49 0.53 0.60 0.65
10471.40 0.04 0.33 0.41 0.43 0.48 0.54 0.61
10485.70 0.04 0.35 0.43 0.47 0.52 0.59 0.67
10500.00 0.07 0.32 0.40 0.46 0.53 0.60 0.66
10514.30 0.04 0.29 0.37 0.43 0.49 0.54 0.60
10528.60 0.03 0.26 0.35 0.39 0.44 0.52 0.59
10542.90 0.04 0.37 0.44 0.49 0.54 0.60 0.68
10557.10 0.06 0.35 0.46 0.48 0.55 0.64 0.70
10571.40 0.04 0.29 0.38 0.43 0.51 0.56 0.62
10585.70 0.00 0.16 0.38 0.45 0.51 0.57 0.66
10600.00 0.04 0.29 0.38 0.44 0.47 0.54 0.58
10614.30 0.00 0.26 0.37 0.43 0.48 0.54 0.61
10628.60 0.07 0.35 0.43 0.49 0.53 0.58 0.65
10642.90 0.04 0.35 0.44 0.48 0.54 0.60 0.69
10657.10 0.06 0.32 0.42 0.45 0.48 0.54 0.60
10671.40 0.03 0.27 0.35 0.40 0.46 0.50 0.58
10685.70 0.03 0.35 0.47 0.50 0.54 0.58 0.65
10700.00 0.03 0.28 0.40 0.44 0.49 0.55 0.62
10714.30 0.05 0.31 0.43 0.49 0.52 0.56 0.63
10728.60 0.06 0.31 0.42 0.47 0.50 0.56 0.63
10742.90 0.06 0.31 0.40 0.43 0.46 0.50 0.54
10757.10 0.08 0.32 0.39 0.43 0.47 0.50 0.54
10771.40 0.05 0.30 0.39 0.43 0.46 0.52 0.61
10785.70 0.06 0.32 0.41 0.48 0.51 0.55 0.59
10800.00 0.06 0.32 0.40 0.47 0.49 0.53 0.63
10814.30 0.06 0.26 0.34 0.38 0.42 0.46 0.53
10828.60 0.04 0.25 0.33 0.40 0.45 0.50 0.54
10842.90 0.05 0.33 0.41 0.44 0.52 0.56 0.62
10857.10 0.03 0.28 0.36 0.40 0.44 0.50 0.58
10871.40 0.06 0.28 0.35 0.41 0.48 0.53 0.62
10885.70 0.07 0.33 0.40 0.45 0.49 0.55 0.62
10900.00 0.04 0.30 0.38 0.46 0.49 0.55 0.58
10914.30 0.04 0.29 0.37 0.41 0.44 0.49 0.59
10928.60 0.03 0.31 0.37 0.44 0.47 0.53 0.58
10942.90 0.04 0.37 0.43 0.47 0.53 0.59 0.65
10957.10 0.05 0.31 0.36 0.40 0.44 0.48 0.54
10971.40 0.03 0.24 0.31 0.38 0.46 0.52 0.58
10985.70 0.06 0.26 0.32 0.36 0.38 0.42 0.47
11000.00 0.04 0.32 0.41 0.44 0.51 0.55 0.60
11014.30 0.03 0.27 0.34 0.38 0.41 0.46 0.53
11028.60 0.06 0.35 0.44 0.47 0.50 0.55 0.63
11042.90 0.04 0.25 0.33 0.37 0.41 0.46 0.51
11057.10 0.06 0.28 0.38 0.40 0.44 0.48 0.58
11071.40 0.04 0.31 0.39 0.43 0.48 0.52 0.56
11085.70 0.06 0.28 0.32 0.36 0.40 0.46 0.52
11100.00 0.04 0.27 0.34 0.37 0.41 0.48 0.55
11114.30 0.02 0.21 0.26 0.30 0.34 0.39 0.49
11128.60 0.04 0.29 0.34 0.37 0.40 0.45 0.50
11142.90 0.04 0.28 0.34 0.35 0.40 0.44 0.47
11157.10 0.04 0.26 0.31 0.34 0.40 0.45 0.50
11171.40 0.07 0.28 0.33 0.35 0.39 0.45 0.50
11185.70 0.04 0.21 0.28 0.32 0.36 0.42 0.49
11200.00 0.06 0.32 0.41 0.45 0.47 0.51 0.56
11214.30 0.04 0.29 0.34 0.36 0.40 0.45 0.52
11228.60 0.04 0.28 0.34 0.37 0.39 0.44 0.52
11242.90 0.06 0.28 0.34 0.37 0.40 0.45 0.52
11257.10 0.04 0.26 0.33 0.36 0.40 0.43 0.54
11271.40 0.03 0.29 0.38 0.42 0.47 0.50 0.54
11285.70 0.04 0.27 0.34 0.36 0.40 0.43 0.48
11300.00 0.04 0.28 0.37 0.42 0.44 0.48 0.56
11314.30 0.06 0.28 0.37 0.39 0.41 0.45 0.49
11328.60 0.05 0.26 0.32 0.37 0.40 0.47 0.52
11342.90 0.04 0.34 0.41 0.43 0.47 0.52 0.58
11357.10 0.05 0.29 0.35 0.38 0.43 0.48 0.53
11371.40 0.05 0.24 0.33 0.37 0.40 0.47 0.54
11385.70 0.04 0.29 0.37 0.39 0.42 0.51 0.58
11400.00 0.07 0.26 0.36 0.40 0.43 0.51 0.57
11414.30 0.03 0.26 0.33 0.37 0.42 0.46 0.53
11428.60 0.06 0.36 0.43 0.47 0.51 0.55 0.63
