Time	First	Second	Third	Fourth	Fifth	Sixth	Seventh
0.00 0.01 0.57 1.51 2.60 3.59 4.49 5.34
14.29 0.01 0.58 1.60 2.71 3.62 4.54 5.57
28.57 0.01 0.64 1.67 2.71 3.81 4.73 5.59
42.86 0.00 0.54 1.45 2.48 3.48 4.37 5.27
57.14 0.01 0.51 1.60 2.58 3.55 4.52 5.45
71.43 0.01 0.55 1.54 2.56 3.64 4.63 5.42
85.71 0.01 0.56 1.55 2.69 3.70 4.67 5.54
100.00 0.00 0.54 1.45 2.51 3.55 4.51 5.41
114.29 0.01 0.60 1.66 2.63 3.70 4.72 5.58
128.57 0.01 0.50 1.45 2.54 3.59 4.53 5.41
142.86 0.01 0.56 1.54 2.49 3.55 4.66 5.47
157.14 0.01 0.51 1.46 2.57 3.61 4.66 5.56
171.43 0.00 0.53 1.55 2.62 3.64 4.57 5.42
185.71 0.01 0.57 1.57 2.60 3.79 4.65 5.50
200.00 0.01 0.48 1.44 2.58 3.64 4.60 5.51
214.29 0.01 0.53 1.50 2.53 3.50 4.39 5.32
228.57 0.01 0.52 1.50 2.55 3.66 4.60 5.48
242.86 0.01 0.54 1.55 2.49 3.46 4.39 5.32
257.14 0.01 0.51 1.48 2.47 3.46 4.49 5.32
271.43 0.01 0.60 1.52 2.55 3.64 4.64 5.56
285.71 0.01 0.53 1.40 2.48 3.49 4.42 5.38
300.00 0.01 0.50 1.44 2.47 3.61 4.53 5.39
314.29 0.01 0.50 1.47 2.55 3.64 4.55 5.50
328.57 0.01 0.54 1.50 2.65 3.70 4.65 5.55
342.86 0.01 0.54 1.53 2.68 3.68 4.66 5.55
357.14 0.01 0.54 1.45 2.51 3.58 4.62 5.52
371.43 0.00 0.48 1.52 2.55 3.55 4.63 5.51
385.71 0.01 0.52 1.46 2.60 3.67 4.63 5.48
400.00 0.01 0.62 1.67 2.72 3.76 4.86 5.73
414.29 0.01 0.61 1.62 2.69 3.70 4.68 5.50
428.57 0.01 0.54 1.49 2.44 3.48 4.59 5.56
442.86 0.01 0.50 1.47 2.61 3.70 4.66 5.61
457.14 0.01 0.62 1.71 2.73 3.77 4.75 5.66
471.43 0.01 0.48 1.60 2.69 3.70 4.78 5.64
485.71 0.01 0.58 1.66 2.80 3.84 4.75 5.74
500.00 0.01 0.54 1.48 2.58 3.74 4.70 5.68
514.29 0.01 0.42 1.52 2.68 3.73 4.79 5.62
528.57 0.01 0.57 1.62 2.59 3.64 4.64 5.58
542.86 0.01 0.60 1.73 2.86 3.98 5.04 5.88
557.14 0.01 0.51 1.54 2.55 3.76 4.84 5.66
571.43 0.01 0.55 1.55 2.73 3.83 4.81 5.72
585.71 0.01 0.60 1.71 2.84 3.99 4.97 5.85
600.00 0.01 0.60 1.61 2.77 3.83 4.89 5.80
614.29 0.01 0.60 1.56 2.79 3.84 4.83 5.72
628.57 0.01 0.60 1.60 2.72 3.74 4.79 5.71
642.86 0.01 0.60 1.69 2.83 3.91 4.84 5.77
657.14 0.01 0.62 1.58 2.75 3.95 4.82 5.69
671.43 0.01 0.56 1.54 2.68 3.76 4.79 5.76
685.71 0.01 0.59 1.72 2.73 3.87 4.86 5.76
700.00 0.01 0.57 1.57 2.70 3.81 4.82 5.68
714.29 0.01 0.48 1.51 2.72 3.79 4.78 5.70
728.57 0.01 0.55 1.60 2.71 3.77 4.72 5.67
742.86 0.01 0.58 1.62 2.85 3.98 4.92 5.78
757.14 0.01 0.48 1.50 2.52 3.59 4.68 5.53
771.43 0.01 0.51 1.55 2.55 3.64 4.66 5.66
785.71 0.01 0.54 1.57 2.75 3.85 4.92 5.92
800.00 0.01 0.60 1.57 2.64 3.83 4.91 5.90
814.29 0.00 0.60 1.57 2.72 3.77 4.76 5.72
828.57 0.01 0.55 1.50 2.61 3.84 4.92 5.87
842.86 0.01 0.54 1.53 2.60 3.76 4.76 5.68
857.14 0.01 0.55 1.49 2.54 3.61 4.63 5.58
871.43 0.01 0.56 1.65 2.68 3.89 4.93 5.97
885.71 0.01 0.56 1.50 2.63 3.73 4.77 5.80
900.00 0.01 0.54 1.57 2.73 3.73 4.74 5.65
914.29 0.01 0.55 1.66 2.74 3.80 4.92 5.85
928.57 0.01 0.55 1.52 2.60 3.67 4.78 5.65
942.86 0.01 0.54 1.53 2.60 3.64 4.67 5.59
957.14 0.01 0.57 1.55 2.72 3.76 4.88 5.77
971.43 0.01 0.56 1.57 2.72 3.84 5.01 5.94
985.71 0.01 0.46 1.46 2.65 3.73 4.72 5.69
1000.00 0.01 0.57 1.68 2.77 3.82 4.86 5.82
1014.29 0.01 0.54 1.57 2.71 3.85 4.87 5.80
1028.57 0.01 0.60 1.70 2.74 3.89 4.91 5.88
1042.86 0.01 0.54 1.62 2.73 3.87 5.00 5.94
1057.14 0.01 0.57 1.59 2.69 3.76 4.87 5.80
1071.43 0.01 0.47 1.50 2.56 3.56 4.64 5.55
1085.71 0.01 0.54 1.57 2.60 3.65 4.76 5.71
1100.00 0.00 0.47 1.47 2.56 3.57 4.64 5.48
1114.29 0.01 0.50 1.47 2.64 3.69 4.79 5.70
1128.57 0.01 0.56 1.58 2.66 3.82 4.97 5.87
1142.86 0.01 0.55 1.59 2.71 3.74 4.80 5.74
1157.14 0.01 0.57 1.50 2.62 3.60 4.63 5.55
1171.43 0.01 0.56 1.55 2.56 3.62 4.60 5.50
1185.71 0.00 0.45 1.39 2.46 3.48 4.46 5.33
1200.00 0.01 0.51 1.46 2.50 3.44 4.51 5.40
1214.29 0.01 0.54 1.43 2.47 3.45 4.40 5.20
1228.57 0.01 0.59 1.56 2.49 3.44 4.36 5.20
1242.86 0.01 0.58 1.56 2.58 3.64 4.59 5.36
1257.14 0.01 0.49 1.41 2.33 3.30 4.23 5.11
1271.43 0.01 0.53 1.42 2.52 3.45 4.47 5.22
1285.71 0.01 0.48 1.39 2.44 3.43 4.36 5.17
1300.00 0.01 0.48 1.42 2.41 3.29 4.19 4.99
1314.29 0.01 0.58 1.52 2.47 3.47 4.40 5.20
1328.57 0.01 0.46 1.38 2.43 3.40 4.33 5.07
1342.86 0.01 0.48 1.45 2.49 3.34 4.27 5.05
1357.14 0.01 0.49 1.42 2.44 3.44 4.26 5.09
1371.43 0.01 0.48 1.41 2.37 3.31 4.19 4.98
1385.71 0.01 0.49 1.41 2.29 3.10 3.93 4.75
1400.00 0.01 0.42 1.24 2.18 3.12 3.99 4.68
1414.29 0.01 0.46 1.34 2.32 3.17 4.04 4.78
1428.57 0.01 0.45 1.31 2.21 3.19 4.15 4.84
1442.86 0.01 0.51 1.40 2.29 3.15 3.96 4.65
1457.14 0.01 0.52 1.37 2.24 3.15 3.97 4.67
1471.43 0.01 0.48 1.39 2.24 3.07 3.80 4.44
1485.71 0.01 0.51 1.29 2.17 3.02 3.77 4.49
1500.00 0.00 0.50 1.34 2.29 3.07 3.82 4.57
1514.29 0.01 0.54 1.44 2.32 3.15 3.94 4.61
1528.57 0.01 0.49 1.34 2.26 3.06 3.85 4.62
1542.86 0.01 0.48 1.32 2.12 2.95 3.69 4.39
1557.14 0.01 0.48 1.32 2.10 2.92 3.71 4.46
1571.43 0.01 0.50 1.40 2.32 3.16 3.79 4.50
1585.71 0.01 0.48 1.23 1.95 2.80 3.53 4.23
1600.00 0.01 0.57 1.39 2.21 3.07 3.79 4.49
1614.29 0.01 0.48 1.37 2.21 3.03 3.79 4.43
1628.57 0.01 0.54 1.33 2.15 2.84 3.54 4.21
1642.86 0.01 0.51 1.37 2.14 2.92 3.62 4.22
1657.14 0.00 0.55 1.46 2.32 3.12 3.80 4.51
1671.43 0.01 0.46 1.28 2.19 2.93 3.62 4.26
1685.71 0.01 0.44 1.32 2.27 2.99 3.64 4.27
1700.00 0.01 0.50 1.28 2.15 2.91 3.56 4.14
1714.29 0.01 0.54 1.37 2.17 2.92 3.64 4.16
1728.57 0.01 0.48 1.26 2.11 2.85 3.48 4.03
1742.86 0.01 0.41 1.23 2.10 2.86 3.57 4.21
1757.14 0.01 0.48 1.26 2.13 2.93 3.64 4.15
1771.43 0.01 0.49 1.38 2.23 2.96 3.59 4.22
1785.71 0.01 0.48 1.30 2.13 2.89 3.57 4.21
1800.00 0.01 0.51 1.34 2.08 2.76 3.37 3.89
1814.29 0.01 0.50 1.39 2.19 2.82 3.51 4.03
1828.57 0.01 0.52 1.37 2.19 2.94 3.61 4.17
1842.86 0.01 0.47 1.37 2.16 2.86 3.49 3.92
1857.14 0.01 0.54 1.29 2.14 2.78 3.42 3.99
1871.43 0.01 0.51 1.34 2.21 2.92 3.53 4.12
1885.71 0.01 0.51 1.34 2.16 2.80 3.39 3.99
1900.00 0.01 0.51 1.38 2.21 2.90 3.62 4.11
1914.29 0.01 0.48 1.36 2.23 2.98 3.69 4.19
1928.57 0.01 0.51 1.28 2.10 2.79 3.40 3.94
1942.86 0.01 0.48 1.28 2.06 2.81 3.44 3.94
1957.14 0.01 0.50 1.20 2.05 2.85 3.41 3.93
1971.43 0.01 0.53 1.29 2.09 2.78 3.38 3.87
1985.71 0.01 0.48 1.21 2.00 2.64 3.22 3.79
2000.00 0.01 0.51 1.30 2.13 2.92 3.54 4.00
2014.29 0.01 0.57 1.32 2.13 2.86 3.46 3.92
2028.57 0.01 0.44 1.18 2.02 2.73 3.37 3.87
2042.86 0.01 0.51 1.39 2.21 2.99 3.59 4.13
2057.14 0.01 0.50 1.37 2.13 2.90 3.51 4.02
2071.43 0.01 0.50 1.41 2.14 2.91 3.53 3.95
2085.71 0.01 0.46 1.26 2.07 2.79 3.38 3.83
2100.00 0.01 0.46 1.28 2.12 2.92 3.53 4.05
2114.29 0.01 0.48 1.29 2.06 2.82 3.38 3.95
2128.57 0.01 0.51 1.35 2.26 2.93 3.56 4.10
2142.86 0.01 0.51 1.26 2.14 2.84 3.32 3.84
2157.14 0.00 0.46 1.30 2.08 2.72 3.33 3.78
2171.43 0.01 0.46 1.42 2.29 3.04 3.59 4.12
2185.71 0.01 0.43 1.20 2.04 2.71 3.25 3.77
2200.00 0.01 0.48 1.30 2.06 2.75 3.30 3.74
2214.29 0.01 0.52 1.29 2.06 2.82 3.38 3.87
2228.57 0.01 0.51 1.34 2.22 2.92 3.47 4.04
2242.86 0.01 0.44 1.29 2.10 2.82 3.31 3.80
2257.14 0.01 0.45 1.24 2.12 2.87 3.41 3.91
2271.43 0.00 0.40 1.32 2.13 2.82 3.37 3.87
2285.71 0.01 0.46 1.20 2.06 2.81 3.43 3.92
2300.00 0.01 0.51 1.35 2.19 2.90 3.46 3.89
2314.29 0.01 0.51 1.37 2.08 2.73 3.27 3.76
2328.57 0.01 0.40 1.25 2.05 2.73 3.30 3.78
2342.86 0.01 0.47 1.33 2.10 2.80 3.31 3.86
2357.14 0.01 0.50 1.40 2.24 3.01 3.55 4.10
2371.43 0.01 0.47 1.23 2.03 2.73 3.26 3.84
2385.71 0.01 0.46 1.18 1.96 2.70 3.33 3.80
2400.00 0.01 0.49 1.35 2.16 2.92 3.45 3.96
2414.29 0.01 0.50 1.27 2.06 2.76 3.29 3.79
2428.57 0.01 0.51 1.26 2.02 2.69 3.25 3.73
2442.86 0.01 0.48 1.30 2.08 2.71 3.32 3.82
2457.14 0.01 0.53 1.22 1.95 2.61 3.17 3.70
2471.43 0.01 0.46 1.23 2.10 2.72 3.27 3.78
2485.71 0.01 0.51 1.34 2.20 2.86 3.43 3.87
2500.00 0.01 0.41 1.17 2.04 2.73 3.38 3.84
2514.29 0.01 0.43 1.25 2.09 2.81 3.42 3.87
2528.57 0.01 0.40 1.13 1.99 2.68 3.25 3.72
2542.86 0.01 0.44 1.25 2.10 2.79 3.43 3.86
2557.14 0.01 0.51 1.38 2.19 2.93 3.55 4.02
2571.43 0.01 0.48 1.29 2.06 2.77 3.34 3.82
2585.71 0.01 0.47 1.26 2.10 2.76 3.40 3.87
2600.00 0.01 0.46 1.20 1.90 2.58 3.16 3.66
2614.29 0.01 0.50 1.36 2.13 2.87 3.42 3.89
2628.57 0.01 0.48 1.29 2.11 2.74 3.33 3.77
2642.86 0.01 0.43 1.25 1.96 2.75 3.34 3.81
2657.14 0.01 0.54 1.30 2.13 2.84 3.41 3.94
2671.43 0.01 0.52 1.30 2.07 2.82 3.38 3.91
2685.71 0.01 0.46 1.26 2.16 2.87 3.50 3.99
2700.00 0.00 0.47 1.25 2.13 2.80 3.35 3.84
2714.29 0.01 0.48 1.33 2.11 2.81 3.37 3.81
2728.57 0.01 0.46 1.24 2.08 2.78 3.41 3.87
2742.86 0.01 0.46 1.34 2.06 2.75 3.42 3.89
2757.14 0.01 0.53 1.39 2.22 2.96 3.61 4.11
2771.43 0.01 0.46 1.29 2.09 2.78 3.30 3.80
2785.71 0.01 0.46 1.20 2.04 2.68 3.23 3.69
2800.00 0.01 0.47 1.29 2.05 2.85 3.42 3.87
2814.29 0.01 0.43 1.26 2.07 2.78 3.33 3.83
2828.57 0.01 0.53 1.41 2.31 3.00 3.59 4.09
2842.86 0.01 0.45 1.22 2.05 2.73 3.39 3.83
2857.14 0.01 0.46 1.28 2.13 2.80 3.38 3.90
2871.43 0.01 0.48 1.29 2.08 2.78 3.38 3.84
2885.71 0.01 0.44 1.17 1.93 2.61 3.26 3.77
2900.00 0.01 0.47 1.31 2.10 2.74 3.29 3.81
2914.29 0.01 0.47 1.32 2.16 2.94 3.51 3.94
2928.57 0.01 0.40 1.21 1.94 2.64 3.21 3.68
2942.86 0.01 0.44 1.25 1.99 2.74 3.26 3.71
2957.14 0.01 0.52 1.39 2.21 2.98 3.59 4.02
2971.43 0.01 0.45 1.23 2.02 2.68 3.25 3.69
2985.71 0.01 0.46 1.29 1.98 2.60 3.17 3.65
3000.00 0.01 0.54 1.37 2.22 3.03 3.57 4.03
3014.29 0.01 0.51 1.34 2.12 2.80 3.36 3.81
3028.57 0.01 0.55 1.39 2.25 2.92 3.51 4.02
3042.86 0.01 0.48 1.36 2.12 2.92 3.51 3.99
3057.14 0.01 0.51 1.38 2.22 2.91 3.48 3.94
3071.43 0.01 0.49 1.37 2.24 2.94 3.51 3.98
3085.71 0.01 0.44 1.21 2.01 2.66 3.25 3.78
3100.00 0.01 0.51 1.37 2.23 2.96 3.50 3.97
3114.29 0.01 0.57 1.40 2.13 2.77 3.40 3.86
3128.57 0.01 0.51 1.37 2.17 2.88 3.40 3.83
3142.86 0.01 0.51 1.26 2.05 2.76 3.32 3.77
3157.14 0.01 0.50 1.20 1.98 2.62 3.25 3.74
3171.43 0.01 0.50 1.36 2.13 2.85 3.40 3.84
3185.71 0.01 0.46 1.33 2.13 2.91 3.49 3.99
3200.00 0.01 0.49 1.35 2.12 2.78 3.39 3.88
3214.29 0.01 0.43 1.21 2.13 2.86 3.46 3.92
3228.57 0.01 0.48 1.18 1.89 2.60 3.21 3.68
3242.86 0.01 0.46 1.24 1.98 2.72 3.29 3.76
3257.14 0.01 0.47 1.18 1.97 2.66 3.30 3.81
3271.43 0.01 0.51 1.32 2.07 2.82 3.42 3.95
3285.71 0.01 0.52 1.31 2.12 2.80 3.35 3.81
3300.00 0.01 0.51 1.34 2.12 2.84 3.45 3.89
3314.29 0.01 0.51 1.38 2.15 2.77 3.38 3.84
3328.57 0.00 0.51 1.29 2.13 2.80 3.44 3.85
3342.86 0.01 0.48 1.33 2.19 2.84 3.40 3.87
3357.14 0.01 0.48 1.31 2.06 2.73 3.21 3.77
3371.43 0.01 0.46 1.29 2.09 2.73 3.32 3.76
3385.71 0.01 0.51 1.45 2.29 2.99 3.57 4.09
3400.00 0.01 0.43 1.29 2.15 2.92 3.50 3.96
3414.29 0.00 0.51 1.29 2.17 2.87 3.39 3.81
3428.57 0.01 0.52 1.36 2.12 2.81 3.32 3.77
3442.86 0.00 0.48 1.29 2.11 2.83 3.47 3.92
3457.14 0.01 0.50 1.25 2.04 2.82 3.32 3.76
3471.43 0.01 0.44 1.24 1.99 2.72 3.34 3.80
3485.71 0.01 0.57 1.35 2.14 2.84 3.43 3.91
3500.00 0.00 0.47 1.31 2.11 2.81 3.38 3.83
3514.29 0.01 0.46 1.29 2.05 2.77 3.30 3.67
3528.57 0.01 0.51 1.36 2.18 2.94 3.48 3.95
3542.86 0.01 0.51 1.36 2.21 2.97 3.53 3.99
3557.14 0.01 0.45 1.18 1.98 2.69 3.20 3.63
3571.43 0.01 0.56 1.29 2.13 2.89 3.51 3.97
3585.71 0.01 0.48 1.28 2.13 2.82 3.37 3.78
3600.00 0.01 0.46 1.35 2.14 2.84 3.32 3.80
3614.29 0.01 0.50 1.43 2.26 3.01 3.52 3.96
3628.57 0.01 0.53 1.33 2.07 2.79 3.26 3.72
3642.86 0.01 0.51 1.29 2.13 2.81 3.38 3.86
3657.14 0.01 0.52 1.35 2.19 2.88 3.36 3.82
3671.43 0.01 0.43 1.28 2.13 2.76 3.33 3.75
3685.71 0.01 0.53 1.32 2.11 2.85 3.33 3.72
3700.00 0.00 0.46 1.22 2.05 2.70 3.32 3.79
3714.29 0.01 0.44 1.29 2.11 2.82 3.38 3.80
3728.57 0.01 0.49 1.34 2.21 2.95 3.52 3.89
3742.86 0.01 0.51 1.36 2.11 2.82 3.40 3.85
3757.14 0.01 0.51 1.38 2.12 2.79 3.35 3.78
3771.43 0.01 0.49 1.31 2.15 2.82 3.37 3.83
3785.71 0.01 0.55 1.40 2.28 2.98 3.52 3.95
3800.00 0.01 0.51 1.37 2.20 2.87 3.42 3.91
3814.29 0.01 0.54 1.50 2.33 2.98 3.48 3.89
3828.57 0.01 0.53 1.27 2.19 2.82 3.51 3.90
3842.86 0.01 0.42 1.27 2.12 2.81 3.41 3.80
3857.14 0.01 0.54 1.39 2.25 3.03 3.55 4.06
3871.43 0.01 0.43 1.22 2.13 2.84 3.43 3.83
3885.71 0.01 0.49 1.29 2.01 2.68 3.27 3.75
3900.00 0.01 0.55 1.36 2.14 2.89 3.51 3.93
3914.29 0.01 0.45 1.33 2.13 2.91 3.54 3.98
3928.57 0.01 0.46 1.34 2.11 2.86 3.51 3.99
3942.86 0.01 0.51 1.41 2.26 2.97 3.57 3.98
3957.14 0.01 0.50 1.41 2.22 2.89 3.52 3.92
3971.43 0.01 0.46 1.34 2.14 2.89 3.53 4.06
3985.71 0.01 0.50 1.29 2.12 2.87 3.53 4.00
4000.00 0.01 0.52 1.30 2.08 2.84 3.40 3.78
4014.29 0.01 0.55 1.27 1.99 2.71 3.33 3.82
4028.57 0.01 0.50 1.34 2.13 2.97 3.60 4.04
4042.86 0.01 0.51 1.42 2.26 2.95 3.49 3.95
4057.14 0.01 0.49 1.25 2.11 2.77 3.30 3.80
4071.43 0.01 0.51 1.39 2.19 2.77 3.42 3.89
4085.71 0.01 0.48 1.40 2.22 2.88 3.50 3.95
4100.00 0.01 0.50 1.38 2.18 2.92 3.51 4.00
4114.29 0.01 0.51 1.36 2.21 2.92 3.54 3.99
4128.57 0.01 0.47 1.29 2.08 2.71 3.23 3.65
4142.86 0.01 0.52 1.42 2.28 2.96 3.58 4.04
4157.14 0.01 0.46 1.34 2.18 3.03 3.52 3.97
4171.43 0.01 0.48 1.38 2.21 2.88 3.38 3.80
4185.71 0.01 0.53 1.36 2.29 2.97 3.53 3.92
4200.00 0.01 0.57 1.47 2.27 2.99 3.55 4.04
4214.29 0.01 0.45 1.32 2.20 2.99 3.64 4.12
4228.57 0.01 0.44 1.33 2.12 2.87 3.42 3.86
4242.86 0.01 0.43 1.18 1.99 2.70 3.30 3.83
4257.14 0.01 0.40 1.26 2.02 2.69 3.31 3.73
4271.43 0.02 0.46 1.31 2.07 2.76 3.30 3.78
4285.71 0.01 0.46 1.36 2.19 2.93 3.51 4.02
4300.00 0.01 0.42 1.23 1.97 2.64 3.19 3.61
4314.29 0.01 0.52 1.37 2.06 2.76 3.34 3.83
4328.57 0.01 0.39 1.23 2.02 2.70 3.25 3.74
4342.86 0.01 0.46 1.20 1.98 2.70 3.29 3.79
4357.14 0.01 0.44 1.21 1.98 2.65 3.14 3.60
4371.43 0.01 0.40 1.16 1.93 2.59 3.13 3.60
4385.71 0.01 0.46 1.15 1.88 2.54 3.12 3.56
4400.00 0.01 0.52 1.27 2.01 2.71 3.21 3.68
4414.29 0.01 0.43 1.19 1.87 2.54 3.12 3.67
4428.57 0.01 0.46 1.15 1.84 2.48 3.04 3.53
4442.86 0.01 0.48 1.16 1.90 2.56 3.05 3.48
4457.14 0.01 0.46 1.11 1.75 2.42 2.87 3.34
4471.43 0.01 0.42 1.09 1.69 2.35 2.87 3.33
4485.71 0.01 0.41 1.05 1.76 2.38 2.88 3.35
4500.00 0.01 0.43 1.09 1.73 2.22 2.77 3.21
4514.29 0.01 0.46 1.09 1.67 2.31 2.75 3.13
4528.57 0.01 0.44 1.08 1.78 2.36 2.84 3.25
4542.86 0.01 0.43 1.05 1.71 2.27 2.78 3.22
4557.14 0.00 0.40 1.00 1.63 2.17 2.70 3.08
4571.43 0.01 0.42 0.99 1.62 2.11 2.59 3.11
4585.71 0.01 0.43 0.96 1.57 1.99 2.42 2.82
4600.00 0.01 0.42 1.07 1.60 2.14 2.61 3.08
4614.29 0.01 0.44 1.03 1.59 2.05 2.48 2.90
4628.57 0.01 0.45 1.17 1.72 2.22 2.75 3.17
4642.86 0.01 0.42 1.08 1.65 2.08 2.55 2.96
4657.14 0.01 0.43 1.04 1.57 2.00 2.44 2.88
4671.43 0.01 0.46 1.09 1.61 1.97 2.35 2.71
4685.71 0.01 0.42 1.14 1.66 2.04 2.45 2.76
4700.00 0.01 0.48 1.04 1.54 1.99 2.42 2.83
4714.29 0.01 0.44 1.10 1.60 2.13 2.51 2.88
4728.57 0.01 0.43 1.05 1.58 1.96 2.34 2.72
4742.86 0.01 0.42 1.05 1.46 1.88 2.29 2.66
4757.14 0.01 0.46 1.04 1.52 1.92 2.31 2.63
4771.43 0.01 0.43 1.06 1.58 1.94 2.32 2.67
4785.71 0.01 0.37 1.00 1.50 1.93 2.33 2.72
4800.00 0.01 0.43 1.10 1.61 1.96 2.32 2.58
4814.29 0.01 0.40 1.02 1.49 1.88 2.23 2.56
4828.57 0.01 0.40 0.97 1.45 1.85 2.20 2.55
4842.86 0.01 0.36 0.98 1.52 1.92 2.28 2.54
4857.14 0.01 0.46 1.09 1.64 2.00 2.35 2.64
4871.43 0.01 0.37 0.94 1.46 1.82 2.17 2.45
4885.71 0.01 0.40 1.02 1.45 1.85 2.19 2.44
4900.00 0.01 0.45 1.02 1.50 1.90 2.18 2.39
4914.29 0.01 0.46 1.07 1.57 1.88 2.18 2.49
4928.57 0.01 0.39 1.03 1.47 1.90 2.13 2.38
4942.86 0.01 0.43 1.05 1.54 1.94 2.31 2.63
4957.14 0.01 0.43 1.11 1.66 2.00 2.32 2.61
4971.43 0.01 0.40 1.03 1.44 1.80 2.10 2.36
4985.71 0.01 0.46 1.09 1.59 2.00 2.30 2.57
5000.00 0.01 0.42 1.08 1.58 1.95 2.26 2.59
5014.29 0.01 0.41 0.99 1.45 1.82 2.16 2.38
5028.57 0.01 0.44 1.03 1.54 1.90 2.21 2.52
5042.86 0.01 0.32 0.92 1.46 1.87 2.17 2.46
5057.14 0.01 0.42 1.03 1.54 1.97 2.23 2.46
5071.43 0.01 0.32 0.91 1.41 1.79 2.06 2.34
5085.71 0.01 0.37 0.96 1.46 1.82 2.10 2.37
5100.00 0.01 0.37 1.00 1.49 1.83 2.13 2.45
5114.29 0.00 0.44 1.10 1.62 2.04 2.29 2.52
5128.57 0.01 0.38 0.97 1.46 1.78 2.06 2.31
5142.86 0.01 0.44 1.08 1.58 2.00 2.30 2.58
5157.14 0.01 0.41 1.02 1.52 1.89 2.17 2.44
5171.43 0.01 0.46 1.11 1.67 2.00 2.30 2.54
5185.71 0.01 0.44 1.05 1.59 1.96 2.23 2.49
5200.00 0.01 0.46 1.07 1.65 1.94 2.20 2.44
5214.29 0.01 0.48 1.07 1.51 1.86 2.16 2.47
5228.57 0.01 0.44 1.06 1.51 1.88 2.15 2.44
5242.86 0.01 0.46 1.09 1.57 1.91 2.26 2.52
5257.14 0.01 0.44 1.14 1.66 2.05 2.42 2.68
5271.43 0.01 0.49 1.13 1.66 2.08 2.38 2.67
5285.71 0.01 0.55 1.18 1.69 2.16 2.47 2.67
5300.00 0.01 0.43 1.10 1.67 2.04 2.36 2.59
5314.29 0.01 0.40 1.03 1.63 2.02 2.34 2.53
5328.57 0.01 0.52 1.28 1.86 2.22 2.54 2.80
5342.86 0.01 0.54 1.20 1.78 2.20 2.49 2.78
5357.14 0.01 0.44 1.08 1.63 1.97 2.29 2.56
5371.43 0.01 0.45 1.14 1.64 2.02 2.30 2.56
5385.71 0.01 0.45 1.18 1.70 2.10 2.45 2.75
5400.00 0.01 0.38 1.03 1.64 2.10 2.41 2.69
5414.29 0.01 0.39 1.06 1.52 1.94 2.26 2.51
5428.57 0.01 0.36 0.99 1.55 2.00 2.34 2.60
5442.86 0.01 0.43 0.97 1.52 1.96 2.30 2.54
5457.14 0.01 0.43 0.96 1.42 1.82 2.13 2.41
5471.43 0.00 0.33 0.87 1.34 1.69 2.04 2.36
5485.71 0.01 0.30 0.76 1.24 1.59 1.94 2.21
5500.00 0.01 0.36 0.80 1.28 1.67 2.04 2.28
5514.29 0.01 0.39 0.92 1.38 1.75 2.06 2.38
5528.57 0.01 0.29 0.71 1.22 1.54 1.88 2.18
5542.86 0.01 0.32 0.79 1.25 1.61 1.89 2.18
5557.14 0.01 0.32 0.73 1.14 1.52 1.78 2.01
5571.43 0.01 0.36 0.76 1.11 1.53 1.85 2.14
5585.71 0.01 0.35 0.73 1.13 1.48 1.74 1.98
5600.00 0.01 0.32 0.67 1.01 1.41 1.65 1.93
5614.29 0.01 0.31 0.69 1.11 1.45 1.73 1.96
5628.57 0.01 0.31 0.70 1.07 1.37 1.66 1.91
5642.86 0.01 0.36 0.78 1.16 1.45 1.73 1.96
5657.14 0.00 0.30 0.68 0.97 1.27 1.60 1.86
5671.43 0.01 0.35 0.76 1.08 1.37 1.64 1.91
5685.71 0.01 0.30 0.64 0.90 1.20 1.50 1.75
5700.00 0.01 0.37 0.83 1.15 1.47 1.79 2.07
5714.29 0.01 0.35 0.75 1.05 1.30 1.59 1.84
5728.57 0.00 0.32 0.69 0.99 1.26 1.50 1.74
5742.86 0.01 0.35 0.67 1.00 1.26 1.54 1.75
5757.14 0.01 0.30 0.68 0.95 1.19 1.47 1.70
5771.43 0.01 0.39 0.75 1.08 1.33 1.54 1.73
5785.71 0.01 0.36 0.69 0.94 1.13 1.34 1.55
5800.00 0.01 0.32 0.72 0.96 1.17 1.44 1.61
5814.29 0.00 0.33 0.69 0.93 1.11 1.33 1.55
5828.57 0.01 0.30 0.66 0.91 1.15 1.34 1.55
5842.86 0.01 0.36 0.73 0.97 1.18 1.36 1.57
5857.14 0.01 0.34 0.76 0.98 1.21 1.36 1.51
5871.43 0.01 0.34 0.71 0.92 1.13 1.31 1.46
5885.71 0.01 0.37 0.74 0.94 1.14 1.34 1.50
5900.00 0.01 0.37 0.72 0.97 1.17 1.30 1.50
5914.29 0.01 0.36 0.76 0.96 1.13 1.27 1.43
5928.57 0.00 0.30 0.73 0.94 1.12 1.28 1.49
5942.86 0.00 0.34 0.71 0.93 1.08 1.25 1.37
5957.14 0.01 0.36 0.69 0.93 1.07 1.24 1.39
5971.43 0.01 0.35 0.76 1.02 1.21 1.37 1.52
5985.71 0.01 0.33 0.66 0.89 1.03 1.19 1.32
6000.00 0.01 0.30 0.62 0.89 1.08 1.21 1.34
6014.29 0.01 0.32 0.67 0.94 1.13 1.27 1.41
6028.57 0.00 0.32 0.72 0.95 1.09 1.21 1.36
6042.86 0.01 0.36 0.71 0.94 1.08 1.21 1.31
6057.14 0.01 0.36 0.72 0.92 1.08 1.21 1.32
6071.43 0.01 0.37 0.78 0.99 1.16 1.29 1.38
6085.71 0.01 0.35 0.69 0.92 1.06 1.19 1.31
6100.00 0.01 0.35 0.72 0.95 1.08 1.21 1.36
6114.29 0.01 0.37 0.82 1.03 1.22 1.33 1.43
6128.57 0.01 0.27 0.66 0.90 1.09 1.18 1.27
6142.86 0.01 0.37 0.76 0.96 1.10 1.19 1.30
6157.14 0.00 0.33 0.71 1.00 1.16 1.24 1.34
6171.43 0.01 0.37 0.75 1.00 1.13 1.21 1.31
6185.71 0.01 0.35 0.71 0.96 1.13 1.22 1.33
6200.00 0.01 0.32 0.71 0.95 1.09 1.18 1.27
6214.29 0.01 0.36 0.79 1.10 1.22 1.33 1.44
6228.57 0.00 0.30 0.69 0.97 1.11 1.21 1.32
6242.86 0.01 0.32 0.67 0.88 0.99 1.08 1.14
6257.14 0.01 0.28 0.62 0.91 1.08 1.19 1.27
6271.43 0.01 0.27 0.63 0.91 1.09 1.21 1.27
6285.71 0.01 0.34 0.76 1.04 1.19 1.29 1.34
6300.00 0.00 0.31 0.67 0.97 1.13 1.22 1.29
6314.29 0.00 0.30 0.65 0.88 1.03 1.13 1.22
6328.57 0.01 0.33 0.67 0.91 1.08 1.13 1.21
6342.86 0.01 0.29 0.67 0.95 1.07 1.18 1.28
6357.14 0.01 0.35 0.74 0.97 1.10 1.20 1.30
6371.43 0.01 0.30 0.71 0.97 1.13 1.21 1.29
6385.71 0.01 0.32 0.71 0.95 1.11 1.20 1.27
6400.00 0.01 0.34 0.74 1.03 1.18 1.27 1.35
6414.29 0.02 0.32 0.69 0.96 1.09 1.19 1.25
6428.57 0.01 0.31 0.60 0.81 0.98 1.10 1.19
6442.86 0.01 0.31 0.69 0.90 1.05 1.16 1.23
6457.14 0.01 0.31 0.66 0.91 1.12 1.21 1.30
6471.43 0.01 0.31 0.69 0.95 1.07 1.18 1.23
6485.71 0.01 0.32 0.66 0.86 0.97 1.08 1.17
6500.00 0.01 0.39 0.75 0.98 1.15 1.25 1.35
6514.29 0.01 0.39 0.76 1.05 1.18 1.31 1.42
6528.57 0.01 0.40 0.79 1.00 1.14 1.24 1.32
6542.86 0.01 0.35 0.74 0.97 1.12 1.27 1.34
6557.14 0.01 0.33 0.68 0.88 1.02 1.16 1.24
6571.43 0.01 0.32 0.71 0.95 1.09 1.21 1.30
6585.71 0.01 0.32 0.71 0.92 1.06 1.16 1.24
6600.00 0.01 0.35 0.74 0.94 1.05 1.18 1.24
6614.29 0.01 0.34 0.69 0.89 1.05 1.16 1.25
6628.57 0.01 0.35 0.72 0.96 1.09 1.25 1.35
6642.86 0.01 0.34 0.75 0.91 1.08 1.18 1.24
6657.14 0.01 0.35 0.71 0.91 1.11 1.25 1.35
6671.43 0.01 0.30 0.71 0.91 1.10 1.19 1.29
6685.71 0.01 0.37 0.66 0.80 0.93 1.03 1.14
6700.00 0.01 0.35 0.75 0.97 1.13 1.22 1.33
6714.29 0.01 0.35 0.68 0.88 0.97 1.08 1.17
6728.57 0.01 0.36 0.75 0.99 1.11 1.25 1.35
6742.86 0.01 0.32 0.64 0.86 1.05 1.11 1.22
6757.14 0.01 0.32 0.68 0.85 1.00 1.09 1.17
6771.43 0.01 0.28 0.65 0.84 0.97 1.10 1.23
6785.71 0.01 0.30 0.63 0.84 0.98 1.08 1.17
6800.00 0.01 0.34 0.71 0.93 1.08 1.18 1.27
6814.29 0.01 0.29 0.66 0.89 1.03 1.16 1.25
6828.57 0.01 0.30 0.60 0.83 1.01 1.16 1.25
6842.86 0.01 0.37 0.72 0.94 1.06 1.14 1.25
6857.14 0.01 0.33 0.70 0.89 1.04 1.14 1.23
6871.43 0.01 0.34 0.71 0.94 1.08 1.17 1.23
6885.71 0.01 0.36 0.72 0.93 1.07 1.18 1.27
6900.00 0.01 0.33 0.62 0.82 0.96 1.08 1.19
6914.29 0.01 0.34 0.66 0.88 0.99 1.08 1.17
6928.57 0.01 0.28 0.58 0.80 0.93 1.01 1.09
6942.86 0.01 0.32 0.72 0.94 1.06 1.17 1.26
6957.14 0.01 0.35 0.71 0.96 1.09 1.17 1.24
6971.43 0.01 0.35 0.71 0.93 1.11 1.22 1.31
6985.71 0.01 0.29 0.61 0.81 0.97 1.10 1.22
7000.00 0.01 0.28 0.56 0.75 0.87 0.95 1.03
7014.29 0.01 0.29 0.60 0.81 0.97 1.08 1.17
7028.57 0.01 0.27 0.60 0.82 0.97 1.08 1.17
7042.86 0.01 0.35 0.68 0.86 1.00 1.09 1.22
7057.14 0.01 0.32 0.64 0.84 0.97 1.07 1.16
7071.43 0.01 0.30 0.63 0.82 1.02 1.13 1.19
7085.71 0.01 0.29 0.65 0.84 0.99 1.11 1.20
7100.00 0.01 0.33 0.62 0.83 1.02 1.12 1.22
7114.29 0.01 0.28 0.50 0.69 0.84 0.96 1.05
7128.57 0.01 0.30 0.63 0.80 0.91 1.07 1.16
7142.86 0.01 0.29 0.59 0.78 0.92 1.03 1.14
7157.14 0.01 0.29 0.63 0.79 0.94 1.08 1.21
7171.43 0.01 0.30 0.55 0.74 0.90 1.04 1.11
7185.71 0.01 0.27 0.51 0.68 0.82 0.94 1.05
7200.00 0.01 0.24 0.53 0.73 0.87 0.99 1.14
7214.29 0.00 0.32 0.60 0.75 0.88 0.99 1.09
7228.57 0.01 0.35 0.60 0.77 0.87 0.98 1.11
7242.86 0.01 0.35 0.60 0.76 0.91 1.02 1.15
7257.14 0.01 0.30 0.55 0.70 0.87 0.97 1.09
7271.43 0.01 0.35 0.60 0.77 0.90 1.01 1.11
7285.71 0.01 0.29 0.59 0.75 0.88 1.00 1.08
7300.00 0.01 0.30 0.58 0.78 0.89 0.99 1.12
7314.29 0.01 0.24 0.55 0.71 0.82 0.97 1.10
7328.57 0.01 0.34 0.63 0.77 0.87 0.97 1.06
7342.86 0.01 0.30 0.60 0.77 0.89 1.01 1.11
7357.14 0.01 0.28 0.62 0.81 0.93 1.07 1.18
7371.43 0.01 0.27 0.55 0.72 0.82 0.96 1.07
7385.71 0.01 0.29 0.55 0.72 0.86 0.93 1.02
7400.00 0.01 0.29 0.61 0.78 0.88 1.02 1.12
7414.29 0.01 0.28 0.59 0.74 0.83 0.92 1.04
7428.57 0.01 0.32 0.63 0.77 0.87 1.02 1.12
7442.86 0.01 0.32 0.63 0.79 0.88 0.98 1.09
7457.14 0.01 0.35 0.65 0.74 0.85 0.93 1.01
7471.43 0.01 0.24 0.50 0.62 0.72 0.80 0.94
7485.71 0.01 0.32 0.57 0.70 0.79 0.87 0.97
7500.00 0.01 0.34 0.60 0.73 0.85 0.92 1.03
7514.29 0.02 0.27 0.50 0.66 0.72 0.77 0.87
7528.57 0.01 0.30 0.55 0.67 0.77 0.83 0.91
7542.86 0.00 0.27 0.54 0.66 0.74 0.83 0.93
7557.14 0.01 0.29 0.59 0.72 0.85 0.95 1.03
7571.43 0.01 0.32 0.55 0.71 0.79 0.90 0.99
7585.71 0.01 0.32 0.55 0.66 0.75 0.82 0.93
7600.00 0.01 0.32 0.59 0.78 0.83 0.92 0.99
7614.29 0.01 0.31 0.55 0.70 0.80 0.90 1.00
7628.57 0.01 0.32 0.66 0.81 0.91 0.98 1.08
7642.86 0.01 0.31 0.54 0.69 0.78 0.85 0.92
7657.14 0.01 0.32 0.55 0.68 0.75 0.83 0.92
7671.43 0.01 0.28 0.55 0.68 0.76 0.83 0.86
7685.71 0.02 0.32 0.60 0.74 0.83 0.90 0.94
7700.00 0.02 0.35 0.57 0.70 0.78 0.86 0.93
7714.29 0.01 0.34 0.60 0.74 0.83 0.93 1.00
7728.57 0.01 0.29 0.50 0.65 0.74 0.80 0.87
7742.86 0.01 0.32 0.53 0.64 0.70 0.79 0.86
7757.14 0.01 0.35 0.64 0.78 0.87 0.95 1.03
7771.43 0.01 0.32 0.61 0.73 0.81 0.88 0.96
7785.71 0.01 0.35 0.63 0.76 0.85 0.92 0.98
7800.00 0.01 0.29 0.55 0.69 0.77 0.83 0.91
7814.29 0.01 0.27 0.53 0.66 0.75 0.81 0.86
7828.57 0.01 0.31 0.59 0.72 0.81 0.86 0.95
7842.86 0.01 0.28 0.52 0.68 0.75 0.79 0.85
7857.14 0.01 0.26 0.53 0.65 0.74 0.78 0.84
7871.43 0.01 0.32 0.58 0.74 0.80 0.86 0.95
7885.71 0.01 0.29 0.60 0.74 0.83 0.89 0.97
7900.00 0.01 0.25 0.49 0.58 0.67 0.75 0.81
7914.29 0.01 0.32 0.58 0.73 0.82 0.90 0.97
7928.57 0.01 0.29 0.55 0.71 0.80 0.88 0.95
7942.86 0.01 0.32 0.60 0.78 0.87 0.96 1.01
7957.14 0.01 0.28 0.51 0.66 0.75 0.80 0.85
7971.43 0.00 0.29 0.53 0.62 0.68 0.74 0.84
7985.71 0.01 0.28 0.55 0.66 0.73 0.82 0.86
8000.00 0.01 0.30 0.54 0.69 0.79 0.87 0.94
8014.29 0.01 0.32 0.57 0.68 0.77 0.84 0.93
8028.57 0.01 0.27 0.51 0.63 0.71 0.80 0.87
8042.86 0.01 0.31 0.53 0.63 0.70 0.78 0.84
8057.14 0.01 0.27 0.58 0.70 0.78 0.86 0.93
8071.43 0.01 0.30 0.57 0.68 0.75 0.82 0.88
8085.71 0.01 0.32 0.59 0.72 0.79 0.88 0.95
8100.00 0.01 0.29 0.55 0.66 0.74 0.81 0.87
8114.29 0.01 0.35 0.56 0.68 0.76 0.85 0.94
8128.57 0.01 0.36 0.67 0.81 0.89 0.96 1.06
8142.86 0.01 0.27 0.55 0.69 0.77 0.84 0.93
8157.14 0.01 0.32 0.59 0.73 0.80 0.87 0.97
8171.43 0.01 0.32 0.58 0.71 0.80 0.89 0.93
8185.71 0.01 0.31 0.56 0.66 0.75 0.83 0.87
8200.00 0.01 0.32 0.59 0.69 0.77 0.85 0.95
8214.29 0.01 0.25 0.50 0.63 0.74 0.84 0.90
8228.57 0.01 0.32 0.62 0.72 0.82 0.88 0.95
8242.86 0.01 0.31 0.60 0.70 0.77 0.85 0.96
8257.14 0.01 0.32 0.53 0.63 0.73 0.81 0.88
8271.43 0.01 0.34 0.60 0.72 0.81 0.86 0.93
8285.71 0.01 0.32 0.53 0.64 0.70 0.77 0.83
8300.00 0.01 0.31 0.57 0.69 0.79 0.87 0.95
8314.29 0.01 0.34 0.62 0.74 0.82 0.89 0.98
8328.57 0.01 0.30 0.55 0.66 0.74 0.83 0.89
8342.86 0.01 0.27 0.50 0.64 0.70 0.75 0.82
8357.14 0.01 0.30 0.50 0.61 0.68 0.74 0.79
8371.43 0.01 0.35 0.57 0.67 0.76 0.82 0.90
8385.71 0.01 0.29 0.52 0.66 0.74 0.83 0.91
8400.00 0.01 0.32 0.52 0.63 0.69 0.75 0.83
8414.29 0.01 0.30 0.53 0.63 0.72 0.79 0.85
8428.57 0.01 0.34 0.62 0.75 0.84 0.96 1.02
8442.86 0.01 0.28 0.50 0.61 0.67 0.76 0.82
8457.14 0.01 0.30 0.53 0.66 0.73 0.80 0.88
8471.43 0.01 0.29 0.50 0.64 0.72 0.77 0.83
8485.71 0.01 0.24 0.44 0.55 0.63 0.69 0.75
8500.00 0.01 0.26 0.48 0.63 0.71 0.77 0.85
8514.29 0.00 0.24 0.46 0.57 0.63 0.72 0.80
8528.57 0.01 0.29 0.52 0.62 0.69 0.81 0.89
8542.86 0.01 0.26 0.45 0.56 0.68 0.75 0.84
8557.14 0.01 0.29 0.53 0.68 0.78 0.87 0.96
8571.43 0.01 0.24 0.44 0.56 0.67 0.73 0.81
8585.71 0.01 0.32 0.55 0.63 0.73 0.83 0.91
8600.00 0.01 0.32 0.52 0.64 0.70 0.79 0.85
8614.29 0.01 0.30 0.52 0.64 0.71 0.79 0.88
8628.57 0.01 0.21 0.33 0.43 0.52 0.60 0.69
8642.86 0.01 0.28 0.48 0.58 0.67 0.75 0.84
8657.14 0.01 0.27 0.45 0.56 0.67 0.77 0.87
8671.43 0.01 0.31 0.52 0.63 0.70 0.81 0.93
8685.71 0.01 0.26 0.45 0.56 0.63 0.70 0.79
8700.00 0.01 0.24 0.45 0.58 0.67 0.78 0.85
8714.29 0.01 0.29 0.50 0.63 0.70 0.79 0.93
8728.57 0.01 0.32 0.47 0.58 0.67 0.77 0.87
8742.86 0.01 0.25 0.45 0.55 0.63 0.73 0.85
8757.14 0.01 0.32 0.55 0.68 0.80 0.89 0.99
8771.43 0.01 0.24 0.45 0.56 0.67 0.76 0.88
8785.71 0.01 0.24 0.49 0.61 0.70 0.84 0.93
8800.00 0.01 0.29 0.46 0.55 0.63 0.71 0.82
8814.29 0.01 0.28 0.50 0.64 0.70 0.79 0.84
8828.57 0.01 0.24 0.42 0.52 0.61 0.70 0.81
8842.86 0.01 0.24 0.44 0.53 0.67 0.72 0.80
8857.14 0.01 0.27 0.45 0.55 0.62 0.70 0.79
8871.43 0.01 0.24 0.44 0.53 0.61 0.67 0.77
8885.71 0.02 0.24 0.42 0.50 0.55 0.62 0.72
8900.00 0.01 0.26 0.44 0.53 0.59 0.66 0.76
8914.29 0.01 0.28 0.52 0.60 0.67 0.71 0.82
8928.57 0.01 0.27 0.47 0.53 0.59 0.67 0.73
8942.86 0.01 0.21 0.41 0.50 0.54 0.61 0.67
8957.14 0.01 0.28 0.43 0.50 0.56 0.61 0.70
8971.43 0.01 0.32 0.51 0.58 0.64 0.72 0.79
8985.71 0.01 0.26 0.42 0.53 0.57 0.63 0.69
9000.00 0.01 0.30 0.55 0.61 0.68 0.75 0.80
9014.29 0.01 0.32 0.52 0.63 0.71 0.76 0.84
9028.57 0.01 0.26 0.45 0.52 0.61 0.69 0.74
9042.86 0.01 0.28 0.45 0.58 0.62 0.68 0.74
9057.14 0.01 0.24 0.45 0.55 0.60 0.64 0.70
9071.43 0.01 0.27 0.51 0.59 0.66 0.72 0.79
9085.71 0.01 0.23 0.44 0.51 0.58 0.66 0.70
9100.00 0.01 0.25 0.44 0.53 0.58 0.65 0.69
9114.29 0.01 0.28 0.48 0.55 0.60 0.65 0.70
9128.57 0.01 0.27 0.47 0.54 0.60 0.64 0.69
9142.86 0.02 0.25 0.48 0.56 0.60 0.66 0.69
9157.14 0.01 0.29 0.50 0.58 0.62 0.67 0.74
9171.43 0.01 0.25 0.41 0.49 0.54 0.60 0.66
9185.71 0.01 0.26 0.43 0.53 0.57 0.64 0.68
9200.00 0.01 0.27 0.46 0.53 0.60 0.66 0.69
9214.29 0.01 0.25 0.45 0.51 0.56 0.60 0.66
9228.57 0.01 0.25 0.45 0.52 0.56 0.62 0.67
9242.86 0.01 0.28 0.45 0.57 0.62 0.65 0.69
9257.14 0.01 0.27 0.45 0.52 0.57 0.62 0.69
9271.43 0.01 0.28 0.46 0.58 0.62 0.67 0.72
9285.71 0.01 0.22 0.37 0.44 0.50 0.55 0.62
9300.00 0.01 0.25 0.43 0.50 0.55 0.60 0.65
9314.29 0.01 0.24 0.41 0.50 0.55 0.59 0.65
9328.57 0.01 0.32 0.52 0.62 0.67 0.73 0.79
9342.86 0.01 0.29 0.51 0.58 0.63 0.69 0.76
9357.14 0.01 0.27 0.45 0.55 0.59 0.65 0.69
9371.43 0.01 0.25 0.42 0.50 0.56 0.61 0.67
9385.71 0.01 0.26 0.45 0.55 0.59 0.66 0.71
9400.00 0.01 0.26 0.43 0.52 0.59 0.64 0.71
9414.29 0.01 0.28 0.47 0.55 0.60 0.64 0.69
9428.57 0.01 0.28 0.51 0.60 0.67 0.73 0.78
9442.86 0.00 0.26 0.45 0.57 0.65 0.72 0.80
9457.14 0.01 0.25 0.39 0.50 0.57 0.64 0.70
9471.43 0.01 0.21 0.38 0.44 0.50 0.56 0.66
9485.71 0.01 0.25 0.43 0.52 0.60 0.66 0.72
9500.00 0.01 0.27 0.46 0.55 0.62 0.70 0.75
9514.29 0.01 0.27 0.43 0.51 0.59 0.67 0.76
9528.57 0.01 0.29 0.48 0.62 0.69 0.79 0.87
9542.86 0.02 0.26 0.42 0.51 0.59 0.66 0.80
9557.14 0.01 0.29 0.45 0.55 0.62 0.71 0.80
9571.43 0.02 0.32 0.48 0.58 0.67 0.71 0.82
9585.71 0.01 0.24 0.40 0.50 0.58 0.65 0.74
9600.00 0.01 0.30 0.48 0.57 0.61 0.70 0.77
9614.29 0.01 0.28 0.47 0.54 0.65 0.70 0.78
9628.57 0.01 0.28 0.45 0.50 0.59 0.67 0.77
9642.86 0.01 0.26 0.39 0.47 0.52 0.57 0.67
9657.14 0.01 0.26 0.43 0.50 0.57 0.66 0.74
9671.43 0.01 0.26 0.41 0.49 0.56 0.63 0.74
9685.71 0.01 0.29 0.45 0.55 0.60 0.66 0.76
9700.00 0.01 0.29 0.47 0.55 0.62 0.70 0.78
9714.29 0.01 0.25 0.39 0.48 0.57 0.64 0.70
9728.57 0.01 0.23 0.39 0.45 0.51 0.57 0.64
9742.86 0.02 0.22 0.36 0.47 0.53 0.61 0.69
9757.14 0.01 0.23 0.39 0.46 0.53 0.57 0.67
9771.43 0.01 0.24 0.39 0.47 0.54 0.62 0.70
9785.71 0.01 0.23 0.38 0.46 0.55 0.62 0.69
9800.00 0.01 0.23 0.35 0.44 0.53 0.60 0.71
9814.29 0.01 0.21 0.37 0.47 0.56 0.59 0.69
9828.57 0.01 0.24 0.42 0.50 0.56 0.62 0.69
9842.86 0.01 0.27 0.47 0.57 0.65 0.72 0.83
9857.14 0.01 0.16 0.29 0.35 0.41 0.48 0.53
9871.43 0.02 0.22 0.34 0.43 0.50 0.57 0.63
9885.71 0.01 0.22 0.34 0.41 0.47 0.55 0.62
9900.00 0.01 0.24 0.35 0.43 0.49 0.58 0.66
9914.29 0.01 0.24 0.36 0.44 0.50 0.57 0.68
9928.57 0.01 0.21 0.34 0.42 0.49 0.57 0.65
9942.86 0.01 0.21 0.33 0.43 0.46 0.52 0.56
9957.14 0.01 0.18 0.34 0.43 0.48 0.55 0.59
9971.43 0.01 0.21 0.31 0.38 0.43 0.48 0.55
9985.71 0.01 0.26 0.40 0.46 0.54 0.60 0.69
10000.00 0.01 0.21 0.32 0.40 0.47 0.55 0.61
10014.30 0.01 0.27 0.39 0.47 0.52 0.58 0.66
10028.60 0.01 0.25 0.37 0.45 0.51 0.57 0.68
10042.90 0.01 0.29 0.43 0.50 0.55 0.59 0.64
10057.10 0.01 0.21 0.34 0.43 0.47 0.51 0.56
10071.40 0.01 0.24 0.35 0.40 0.47 0.55 0.59
10085.70 0.02 0.26 0.39 0.46 0.51 0.57 0.61
10100.00 0.01 0.28 0.39 0.46 0.52 0.58 0.65
10114.30 0.01 0.24 0.37 0.43 0.48 0.54 0.61
10128.60 0.02 0.26 0.39 0.46 0.49 0.57 0.64
10142.90 0.01 0.24 0.35 0.42 0.48 0.53 0.58
10157.10 0.01 0.19 0.31 0.35 0.41 0.46 0.55
10171.40 0.01 0.24 0.33 0.41 0.47 0.55 0.60
10185.70 0.01 0.26 0.37 0.43 0.50 0.55 0.62
10200.00 0.02 0.22 0.34 0.39 0.43 0.49 0.55
10214.30 0.01 0.23 0.34 0.40 0.46 0.51 0.59
10228.60 0.02 0.23 0.29 0.34 0.37 0.44 0.50
10242.90 0.01 0.22 0.33 0.37 0.42 0.45 0.53
10257.10 0.01 0.21 0.33 0.36 0.43 0.49 0.53
10271.40 0.01 0.23 0.32 0.38 0.43 0.51 0.59
10285.70 0.01 0.24 0.37 0.43 0.48 0.52 0.57
10300.00 0.01 0.24 0.37 0.43 0.49 0.55 0.61
10314.30 0.01 0.23 0.34 0.43 0.47 0.55 0.62
10328.60 0.01 0.22 0.36 0.41 0.45 0.50 0.56
10342.90 0.01 0.21 0.32 0.37 0.42 0.48 0.53
10357.10 0.01 0.27 0.39 0.46 0.51 0.55 0.63
10371.40 0.01 0.21 0.31 0.36 0.41 0.45 0.53
10385.70 0.01 0.21 0.34 0.41 0.45 0.52 0.58
10400.00 0.01 0.21 0.32 0.38 0.43 0.50 0.58
10414.30 0.01 0.24 0.34 0.41 0.46 0.51 0.59
10428.60 0.01 0.24 0.32 0.37 0.43 0.49 0.53
10442.90 0.01 0.23 0.34 0.42 0.47 0.53 0.58
10457.10 0.00 0.10 0.36 0.43 0.48 0.56 0.61
10471.40 0.01 0.24 0.34 0.38 0.44 0.50 0.57
10485.70 0.01 0.26 0.36 0.42 0.47 0.55 0.63
10500.00 0.02 0.24 0.34 0.41 0.48 0.56 0.62
10514.30 0.01 0.21 0.31 0.38 0.45 0.50 0.56
10528.60 0.01 0.19 0.29 0.35 0.40 0.48 0.55
10542.90 0.01 0.27 0.37 0.43 0.49 0.56 0.64
10557.10 0.01 0.26 0.39 0.43 0.50 0.59 0.66
10571.40 0.01 0.21 0.32 0.38 0.46 0.52 0.58
10585.70 0.00 0.12 0.32 0.40 0.46 0.53 0.62
10600.00 0.01 0.21 0.32 0.39 0.43 0.50 0.54
10614.30 0.00 0.19 0.31 0.38 0.44 0.50 0.57
10628.60 0.02 0.26 0.36 0.43 0.48 0.54 0.61
10642.90 0.01 0.26 0.37 0.43 0.49 0.56 0.65
10657.10 0.01 0.24 0.35 0.40 0.44 0.50 0.56
10671.40 0.01 0.20 0.29 0.35 0.42 0.46 0.54
10685.70 0.01 0.26 0.39 0.44 0.49 0.54 0.61
10700.00 0.01 0.21 0.34 0.39 0.45 0.51 0.58
10714.30 0.01 0.23 0.36 0.43 0.47 0.52 0.59
10728.60 0.01 0.23 0.35 0.42 0.46 0.52 0.59
10742.90 0.01 0.23 0.34 0.38 0.42 0.46 0.51
10757.10 0.02 0.24 0.33 0.38 0.43 0.46 0.51
10771.40 0.01 0.22 0.33 0.38 0.42 0.48 0.57
10785.70 0.01 0.24 0.34 0.43 0.46 0.51 0.55
10800.00 0.01 0.24 0.34 0.42 0.45 0.49 0.59
10814.30 0.01 0.19 0.29 0.34 0.38 0.43 0.50
10828.60 0.01 0.18 0.28 0.35 0.41 0.46 0.51
10842.90 0.01 0.24 0.34 0.39 0.47 0.52 0.58
10857.10 0.01 0.21 0.30 0.35 0.40 0.46 0.54
10871.40 0.01 0.21 0.29 0.36 0.44 0.49 0.58
10885.70 0.02 0.24 0.34 0.40 0.45 0.51 0.58
10900.00 0.01 0.22 0.32 0.41 0.45 0.51 0.54
10914.30 0.01 0.21 0.31 0.36 0.40 0.45 0.55
10928.60 0.01 0.23 0.31 0.39 0.43 0.49 0.54
10942.90 0.01 0.27 0.36 0.42 0.48 0.55 0.61
10957.10 0.01 0.23 0.30 0.35 0.40 0.45 0.51
10971.40 0.01 0.18 0.26 0.34 0.42 0.48 0.54
10985.70 0.01 0.19 0.27 0.32 0.35 0.39 0.44
11000.00 0.01 0.24 0.34 0.39 0.46 0.51 0.56
11014.30 0.01 0.20 0.29 0.34 0.37 0.43 0.50
11028.60 0.01 0.26 0.37 0.42 0.46 0.51 0.59
11042.90 0.01 0.18 0.28 0.33 0.37 0.43 0.48
11057.10 0.01 0.21 0.32 0.35 0.40 0.45 0.54
11071.40 0.01 0.23 0.33 0.38 0.44 0.48 0.53
11085.70 0.01 0.21 0.27 0.32 0.36 0.43 0.49
11100.00 0.01 0.20 0.29 0.33 0.37 0.45 0.52
11114.30 0.01 0.15 0.22 0.27 0.31 0.36 0.46
11128.60 0.01 0.21 0.29 0.33 0.36 0.42 0.47
11142.90 0.01 0.21 0.29 0.31 0.36 0.41 0.44
11157.10 0.01 0.19 0.26 0.30 0.36 0.42 0.47
11171.40 0.02 0.21 0.28 0.31 0.36 0.42 0.47
11185.70 0.01 0.15 0.24 0.28 0.33 0.39 0.46
11200.00 0.01 0.24 0.34 0.40 0.43 0.47 0.53
11214.30 0.01 0.21 0.29 0.32 0.36 0.42 0.49
11228.60 0.01 0.21 0.29 0.33 0.36 0.41 0.49
11242.90 0.01 0.21 0.29 0.33 0.36 0.42 0.49
11257.10 0.01 0.19 0.28 0.32 0.36 0.40 0.51
11271.40 0.01 0.21 0.32 0.37 0.43 0.46 0.51
11285.70 0.01 0.20 0.29 0.32 0.36 0.40 0.45
11300.00 0.01 0.21 0.31 0.37 0.40 0.45 0.53
11314.30 0.01 0.21 0.31 0.35 0.37 0.42 0.46
11328.60 0.01 0.19 0.27 0.33 0.36 0.44 0.49
11342.90 0.01 0.25 0.34 0.38 0.43 0.48 0.54
11357.10 0.01 0.21 0.29 0.34 0.39 0.45 0.50
11371.40 0.01 0.18 0.28 0.33 0.36 0.44 0.51
11385.70 0.01 0.21 0.31 0.35 0.38 0.47 0.54
11400.00 0.02 0.19 0.30 0.35 0.39 0.47 0.53
11414.30 0.01 0.19 0.28 0.33 0.38 0.43 0.50
11428.60 0.01 0.26 0.36 0.42 0.46 0.51 0.59
