Time	First	Second	Third	Fourth	Fifth	Sixth	Seventh
0.00 24.31 7.91 2.39 1.01 0.50 0.27 0.16
14.29 12.16 8.12 2.53 1.06 0.50 0.28 0.17
28.57 12.16 8.94 2.65 1.06 0.53 0.29 0.17
42.86 0.00 7.60 2.29 0.97 0.48 0.27 0.16
57.14 18.23 7.19 2.53 1.00 0.49 0.27 0.17
71.43 24.31 7.71 2.43 1.00 0.50 0.28 0.17
85.71 18.23 7.81 2.46 1.05 0.51 0.28 0.17
100.00 6.08 7.50 2.29 0.98 0.49 0.27 0.17
114.29 24.31 8.42 2.63 1.02 0.51 0.29 0.17
128.57 24.31 6.99 2.30 0.99 0.50 0.28 0.17
142.86 18.23 7.81 2.43 0.97 0.49 0.28 0.17
157.14 12.16 7.19 2.31 1.00 0.50 0.28 0.17
171.43 6.08 7.40 2.45 1.02 0.50 0.28 0.17
185.71 18.23 8.01 2.49 1.01 0.52 0.28 0.17
200.00 18.23 6.68 2.27 1.00 0.50 0.28 0.17
214.29 24.31 7.40 2.37 0.99 0.48 0.27 0.16
228.57 30.39 7.29 2.38 0.99 0.51 0.28 0.17
242.86 18.23 7.50 2.45 0.97 0.48 0.27 0.16
257.14 12.16 7.19 2.34 0.96 0.48 0.27 0.16
271.43 18.23 8.32 2.41 0.99 0.50 0.28 0.17
285.71 18.23 7.40 2.22 0.97 0.48 0.27 0.17
300.00 18.23 6.99 2.27 0.96 0.50 0.27 0.17
314.29 12.16 6.99 2.33 0.99 0.50 0.28 0.17
328.57 18.23 7.60 2.37 1.03 0.51 0.28 0.17
342.86 18.23 7.50 2.42 1.05 0.51 0.28 0.17
357.14 18.23 7.60 2.30 0.98 0.49 0.28 0.17
371.43 6.08 6.68 2.41 0.99 0.49 0.28 0.17
385.71 24.31 7.29 2.31 1.01 0.51 0.28 0.17
400.00 18.23 8.73 2.65 1.06 0.52 0.30 0.18
414.29 12.16 8.53 2.57 1.05 0.51 0.28 0.17
428.57 18.23 7.50 2.35 0.95 0.48 0.28 0.17
442.86 12.16 6.99 2.33 1.02 0.51 0.28 0.17
457.14 12.16 8.73 2.71 1.06 0.52 0.29 0.17
471.43 18.23 6.68 2.53 1.05 0.51 0.29 0.17
485.71 24.31 8.12 2.62 1.09 0.53 0.29 0.18
500.00 18.23 7.50 2.34 1.00 0.52 0.29 0.17
514.29 12.16 5.86 2.41 1.04 0.51 0.29 0.17
528.57 12.16 8.01 2.57 1.01 0.50 0.28 0.17
542.86 30.39 8.42 2.74 1.11 0.55 0.31 0.18
557.14 18.23 7.09 2.43 0.99 0.52 0.29 0.17
571.43 18.23 7.71 2.45 1.06 0.53 0.29 0.18
585.71 18.23 8.42 2.70 1.11 0.55 0.30 0.18
600.00 12.16 8.32 2.55 1.08 0.53 0.30 0.18
614.29 18.23 8.42 2.47 1.09 0.53 0.29 0.18
628.57 24.31 8.32 2.53 1.06 0.52 0.29 0.18
642.86 18.23 8.42 2.67 1.10 0.54 0.29 0.18
657.14 24.31 8.73 2.50 1.07 0.55 0.29 0.17
671.43 24.31 7.81 2.43 1.05 0.52 0.29 0.18
685.71 12.16 8.22 2.73 1.06 0.54 0.30 0.18
700.00 12.16 8.01 2.49 1.05 0.53 0.29 0.17
714.29 24.31 6.78 2.39 1.06 0.52 0.29 0.17
728.57 12.16 7.71 2.53 1.06 0.52 0.29 0.17
742.86 18.23 8.12 2.57 1.11 0.55 0.30 0.18
757.14 18.23 6.68 2.38 0.98 0.50 0.28 0.17
771.43 18.23 7.19 2.45 0.99 0.50 0.28 0.17
785.71 12.16 7.50 2.49 1.07 0.53 0.30 0.18
800.00 18.23 8.42 2.49 1.03 0.53 0.30 0.18
814.29 6.08 8.42 2.49 1.06 0.52 0.29 0.18
828.57 24.31 7.71 2.37 1.02 0.53 0.30 0.18
842.86 24.31 7.50 2.42 1.01 0.52 0.29 0.17
857.14 24.31 7.71 2.35 0.99 0.50 0.28 0.17
871.43 12.16 7.81 2.61 1.05 0.54 0.30 0.18
885.71 18.23 7.81 2.38 1.02 0.51 0.29 0.18
900.00 18.23 7.60 2.49 1.06 0.51 0.29 0.17
914.29 24.31 7.71 2.62 1.07 0.52 0.30 0.18
928.57 24.31 7.71 2.41 1.01 0.51 0.29 0.17
942.86 18.23 7.60 2.42 1.01 0.50 0.28 0.17
957.14 24.31 8.01 2.46 1.06 0.52 0.30 0.18
971.43 18.23 7.81 2.49 1.06 0.53 0.30 0.18
985.71 24.31 6.37 2.31 1.03 0.51 0.29 0.17
1000.00 18.23 8.01 2.66 1.08 0.53 0.30 0.18
1014.29 24.31 7.60 2.49 1.06 0.53 0.30 0.18
1028.57 30.39 8.32 2.69 1.07 0.54 0.30 0.18
1042.86 18.23 7.50 2.57 1.06 0.54 0.30 0.18
1057.14 24.31 7.91 2.51 1.05 0.52 0.30 0.18
1071.43 18.23 6.58 2.37 1.00 0.49 0.28 0.17
1085.71 18.23 7.60 2.49 1.01 0.50 0.29 0.18
1100.00 6.08 6.58 2.33 1.00 0.49 0.28 0.17
1114.29 18.23 6.99 2.33 1.03 0.51 0.29 0.17
1128.57 30.39 7.81 2.50 1.03 0.53 0.30 0.18
1142.86 24.31 7.71 2.51 1.06 0.52 0.29 0.18
1157.14 24.31 8.01 2.38 1.02 0.50 0.28 0.17
1171.43 12.16 7.81 2.46 1.00 0.50 0.28 0.17
1185.71 6.08 6.27 2.19 0.96 0.48 0.27 0.16
1200.00 12.16 7.09 2.31 0.97 0.48 0.27 0.17
1214.29 18.23 7.50 2.26 0.96 0.48 0.27 0.16
1228.57 24.31 8.22 2.47 0.97 0.48 0.26 0.16
1242.86 12.16 8.12 2.47 1.00 0.50 0.28 0.16
1257.14 18.23 6.88 2.23 0.91 0.46 0.26 0.16
1271.43 18.23 7.40 2.25 0.98 0.48 0.27 0.16
1285.71 24.31 6.78 2.21 0.95 0.47 0.26 0.16
1300.00 24.31 6.68 2.25 0.94 0.45 0.25 0.15
1314.29 24.31 8.12 2.41 0.96 0.48 0.27 0.16
1328.57 18.23 6.47 2.18 0.95 0.47 0.26 0.16
1342.86 18.23 6.68 2.30 0.97 0.46 0.26 0.16
1357.14 18.23 6.88 2.25 0.95 0.47 0.26 0.16
1371.43 18.23 6.68 2.23 0.92 0.46 0.25 0.15
1385.71 18.23 6.88 2.23 0.89 0.43 0.24 0.15
1400.00 18.23 5.86 1.97 0.85 0.43 0.24 0.14
1414.29 24.31 6.47 2.12 0.90 0.44 0.25 0.15
1428.57 24.31 6.27 2.08 0.86 0.44 0.25 0.15
1442.86 18.23 7.19 2.22 0.89 0.44 0.24 0.14
1457.14 24.31 7.29 2.17 0.87 0.44 0.24 0.14
1471.43 12.16 6.68 2.19 0.87 0.42 0.23 0.14
1485.71 18.23 7.09 2.05 0.85 0.42 0.23 0.14
1500.00 6.08 6.99 2.12 0.89 0.42 0.23 0.14
1514.29 30.39 7.60 2.27 0.90 0.44 0.24 0.14
1528.57 24.31 6.88 2.12 0.88 0.42 0.23 0.14
1542.86 12.16 6.68 2.09 0.82 0.41 0.22 0.13
1557.14 30.39 6.68 2.09 0.82 0.40 0.23 0.14
1571.43 18.23 6.99 2.22 0.90 0.44 0.23 0.14
1585.71 18.23 6.68 1.94 0.76 0.39 0.21 0.13
1600.00 24.31 8.01 2.21 0.86 0.42 0.23 0.14
1614.29 18.23 6.78 2.17 0.86 0.42 0.23 0.14
1628.57 12.16 7.60 2.10 0.84 0.39 0.22 0.13
1642.86 24.31 7.09 2.17 0.83 0.40 0.22 0.13
1657.14 6.08 7.71 2.31 0.90 0.43 0.23 0.14
1671.43 18.23 6.37 2.02 0.85 0.41 0.22 0.13
1685.71 24.31 6.16 2.09 0.88 0.41 0.22 0.13
1700.00 18.23 6.99 2.02 0.84 0.40 0.22 0.13
1714.29 18.23 7.60 2.17 0.85 0.40 0.22 0.13
1728.57 24.31 6.68 2.00 0.82 0.39 0.21 0.12
1742.86 24.31 5.75 1.94 0.82 0.40 0.22 0.13
1757.14 12.16 6.78 2.00 0.83 0.41 0.22 0.13
1771.43 12.16 6.88 2.18 0.87 0.41 0.22 0.13
1785.71 12.16 6.78 2.06 0.83 0.40 0.22 0.13
1800.00 18.23 7.09 2.12 0.81 0.38 0.20 0.12
1814.29 30.39 6.99 2.19 0.85 0.39 0.21 0.12
1828.57 18.23 7.29 2.17 0.85 0.41 0.22 0.13
1842.86 30.39 6.58 2.17 0.84 0.40 0.21 0.12
1857.14 24.31 7.50 2.04 0.83 0.38 0.21 0.12
1871.43 18.23 7.09 2.12 0.86 0.40 0.21 0.13
1885.71 18.23 7.19 2.12 0.84 0.39 0.21 0.12
1900.00 18.23 7.09 2.18 0.86 0.40 0.22 0.13
1914.29 18.23 6.78 2.15 0.87 0.41 0.22 0.13
1928.57 12.16 7.09 2.02 0.82 0.39 0.21 0.12
1942.86 18.23 6.68 2.02 0.80 0.39 0.21 0.12
1957.14 18.23 6.99 1.90 0.80 0.39 0.21 0.12
1971.43 24.31 7.40 2.04 0.81 0.38 0.20 0.12
1985.71 18.23 6.78 1.92 0.78 0.37 0.20 0.12
2000.00 18.23 7.19 2.06 0.83 0.40 0.22 0.12
2014.29 24.31 7.91 2.09 0.83 0.40 0.21 0.12
2028.57 18.23 6.16 1.86 0.79 0.38 0.20 0.12
2042.86 18.23 7.09 2.21 0.86 0.41 0.22 0.13
2057.14 24.31 6.99 2.17 0.83 0.40 0.21 0.12
2071.43 18.23 6.99 2.23 0.83 0.40 0.21 0.12
2085.71 18.23 6.47 2.00 0.81 0.39 0.20 0.12
2100.00 12.16 6.47 2.02 0.82 0.40 0.21 0.12
2114.29 18.23 6.68 2.05 0.80 0.39 0.20 0.12
2128.57 24.31 7.09 2.14 0.88 0.41 0.22 0.13
2142.86 24.31 7.09 2.00 0.83 0.39 0.20 0.12
2157.14 6.08 6.37 2.06 0.81 0.38 0.20 0.12
2171.43 24.31 6.37 2.25 0.89 0.42 0.22 0.13
2185.71 24.31 6.06 1.90 0.79 0.37 0.20 0.12
2200.00 12.16 6.78 2.06 0.80 0.38 0.20 0.11
2214.29 24.31 7.29 2.05 0.80 0.39 0.20 0.12
2228.57 24.31 7.19 2.12 0.87 0.40 0.21 0.12
2242.86 24.31 6.16 2.05 0.82 0.39 0.20 0.12
2257.14 18.23 6.27 1.96 0.82 0.40 0.21 0.12
2271.43 6.08 5.65 2.09 0.83 0.39 0.20 0.12
2285.71 24.31 6.37 1.90 0.80 0.39 0.21 0.12
2300.00 24.31 7.19 2.14 0.85 0.40 0.21 0.12
2314.29 24.31 7.09 2.17 0.81 0.38 0.20 0.12
2328.57 18.23 5.65 1.98 0.80 0.38 0.20 0.12
2342.86 12.16 6.58 2.10 0.82 0.39 0.20 0.12
2357.14 18.23 6.99 2.22 0.87 0.42 0.22 0.13
2371.43 18.23 6.58 1.94 0.79 0.38 0.20 0.12
2385.71 18.23 6.47 1.86 0.76 0.37 0.20 0.12
2400.00 24.31 6.88 2.14 0.84 0.40 0.21 0.12
2414.29 18.23 6.99 2.01 0.80 0.38 0.20 0.12
2428.57 18.23 7.09 2.00 0.79 0.37 0.20 0.11
2442.86 24.31 6.78 2.06 0.81 0.37 0.20 0.12
2457.14 24.31 7.40 1.93 0.76 0.36 0.19 0.11
2471.43 12.16 6.47 1.94 0.82 0.38 0.20 0.12
2485.71 24.31 7.09 2.13 0.86 0.40 0.21 0.12
2500.00 18.23 5.75 1.85 0.79 0.38 0.20 0.12
2514.29 18.23 6.06 1.98 0.81 0.39 0.21 0.12
2528.57 12.16 5.55 1.80 0.78 0.37 0.20 0.11
2542.86 18.23 6.16 1.98 0.82 0.39 0.21 0.12
2557.14 24.31 7.09 2.18 0.85 0.41 0.22 0.12
2571.43 24.31 6.78 2.05 0.80 0.38 0.20 0.12
2585.71 18.23 6.58 2.00 0.82 0.38 0.21 0.12
2600.00 18.23 6.47 1.90 0.74 0.36 0.19 0.11
2614.29 24.31 6.99 2.15 0.83 0.40 0.21 0.12
2628.57 18.23 6.78 2.04 0.82 0.38 0.20 0.12
2642.86 18.23 6.06 1.98 0.76 0.38 0.20 0.12
2657.14 30.39 7.60 2.06 0.83 0.39 0.21 0.12
2671.43 24.31 7.29 2.06 0.81 0.39 0.21 0.12
2685.71 18.23 6.37 2.00 0.84 0.40 0.21 0.12
2700.00 6.08 6.58 1.98 0.83 0.39 0.20 0.12
2714.29 24.31 6.78 2.10 0.82 0.39 0.20 0.12
2728.57 12.16 6.47 1.96 0.81 0.38 0.21 0.12
2742.86 12.16 6.37 2.13 0.80 0.38 0.21 0.12
2757.14 30.39 7.40 2.21 0.87 0.41 0.22 0.13
2771.43 18.23 6.47 2.04 0.81 0.38 0.20 0.12
2785.71 18.23 6.37 1.90 0.79 0.37 0.20 0.11
2800.00 24.31 6.58 2.04 0.80 0.39 0.21 0.12
2814.29 36.47 5.96 2.00 0.81 0.38 0.20 0.12
2828.57 30.39 7.40 2.23 0.90 0.41 0.22 0.13
2842.86 18.23 6.27 1.93 0.80 0.38 0.21 0.12
2857.14 12.16 6.37 2.02 0.83 0.39 0.21 0.12
2871.43 12.16 6.78 2.05 0.81 0.38 0.21 0.12
2885.71 12.16 6.16 1.85 0.75 0.36 0.20 0.12
2900.00 12.16 6.58 2.08 0.82 0.38 0.20 0.12
2914.29 18.23 6.58 2.09 0.84 0.41 0.21 0.12
2928.57 12.16 5.65 1.92 0.76 0.37 0.19 0.11
2942.86 24.31 6.16 1.98 0.78 0.38 0.20 0.11
2957.14 18.23 7.29 2.19 0.86 0.41 0.22 0.12
2971.43 18.23 6.27 1.94 0.79 0.37 0.20 0.11
2985.71 30.39 6.47 2.04 0.77 0.36 0.19 0.11
3000.00 18.23 7.60 2.17 0.87 0.42 0.22 0.12
3014.29 24.31 7.19 2.12 0.82 0.39 0.20 0.12
3028.57 18.23 7.71 2.21 0.88 0.40 0.21 0.12
3042.86 24.31 6.78 2.15 0.82 0.40 0.21 0.12
3057.14 36.47 7.09 2.18 0.87 0.40 0.21 0.12
3071.43 12.16 6.88 2.17 0.87 0.41 0.21 0.12
3085.71 18.23 6.16 1.92 0.78 0.37 0.20 0.12
3100.00 24.31 7.09 2.17 0.87 0.41 0.21 0.12
3114.29 12.16 8.01 2.22 0.83 0.38 0.21 0.12
3128.57 12.16 7.19 2.17 0.85 0.40 0.21 0.12
3142.86 18.23 7.09 2.00 0.80 0.38 0.20 0.12
3157.14 18.23 6.99 1.90 0.77 0.36 0.20 0.11
3171.43 36.47 6.99 2.15 0.83 0.39 0.21 0.12
3185.71 18.23 6.37 2.10 0.83 0.40 0.21 0.12
3200.00 18.23 6.88 2.14 0.82 0.38 0.21 0.12
3214.29 12.16 5.96 1.92 0.83 0.40 0.21 0.12
3228.57 24.31 6.68 1.86 0.73 0.36 0.19 0.11
3242.86 24.31 6.37 1.96 0.77 0.38 0.20 0.12
3257.14 12.16 6.58 1.88 0.77 0.37 0.20 0.12
3271.43 24.31 7.09 2.09 0.81 0.39 0.21 0.12
3285.71 24.31 7.29 2.08 0.82 0.39 0.20 0.12
3300.00 24.31 7.09 2.12 0.82 0.39 0.21 0.12
3314.29 24.31 7.19 2.18 0.84 0.38 0.20 0.12
3328.57 6.08 7.09 2.04 0.83 0.39 0.21 0.12
3342.86 36.47 6.78 2.10 0.85 0.39 0.21 0.12
3357.14 24.31 6.68 2.08 0.80 0.38 0.19 0.12
3371.43 24.31 6.37 2.04 0.81 0.38 0.20 0.12
3385.71 18.23 7.09 2.30 0.89 0.41 0.22 0.13
3400.00 18.23 6.06 2.04 0.84 0.40 0.21 0.12
3414.29 6.08 7.09 2.04 0.85 0.40 0.21 0.12
3428.57 18.23 7.29 2.15 0.82 0.39 0.20 0.12
3442.86 6.08 6.68 2.05 0.82 0.39 0.21 0.12
3457.14 18.23 6.99 1.98 0.79 0.39 0.20 0.12
3471.43 24.31 6.16 1.97 0.78 0.38 0.20 0.12
3485.71 24.31 7.91 2.14 0.83 0.39 0.21 0.12
3500.00 6.08 6.58 2.08 0.82 0.39 0.20 0.12
3514.29 18.23 6.47 2.05 0.80 0.38 0.20 0.11
3528.57 30.39 7.19 2.15 0.85 0.41 0.21 0.12
3542.86 30.39 7.19 2.15 0.86 0.41 0.21 0.12
3557.14 18.23 6.27 1.86 0.77 0.37 0.19 0.11
3571.43 18.23 7.81 2.04 0.83 0.40 0.21 0.12
3585.71 24.31 6.68 2.02 0.83 0.39 0.20 0.12
3600.00 24.31 6.37 2.14 0.83 0.39 0.20 0.12
3614.29 30.39 6.99 2.26 0.88 0.42 0.21 0.12
3628.57 24.31 7.40 2.10 0.81 0.39 0.20 0.11
3642.86 12.16 7.19 2.05 0.83 0.39 0.21 0.12
3657.14 18.23 7.29 2.14 0.85 0.40 0.20 0.12
3671.43 12.16 6.06 2.02 0.83 0.38 0.20 0.12
3685.71 24.31 7.40 2.09 0.82 0.39 0.20 0.11
3700.00 6.08 6.37 1.93 0.80 0.37 0.20 0.12
3714.29 24.31 6.16 2.05 0.82 0.39 0.20 0.12
3728.57 18.23 6.88 2.12 0.86 0.41 0.21 0.12
3742.86 24.31 7.09 2.15 0.82 0.39 0.21 0.12
3757.14 30.39 7.19 2.18 0.82 0.39 0.20 0.12
3771.43 12.16 6.88 2.08 0.84 0.39 0.20 0.12
3785.71 18.23 7.71 2.22 0.89 0.41 0.21 0.12
3800.00 24.31 7.09 2.17 0.86 0.40 0.21 0.12
3814.29 24.31 7.60 2.37 0.91 0.41 0.21 0.12
3828.57 18.23 7.40 2.01 0.85 0.39 0.21 0.12
3842.86 18.23 5.86 2.01 0.82 0.39 0.21 0.12
3857.14 12.16 7.60 2.21 0.88 0.42 0.22 0.12
3871.43 30.39 6.06 1.93 0.83 0.39 0.21 0.12
3885.71 12.16 6.88 2.04 0.78 0.37 0.20 0.12
3900.00 24.31 7.71 2.15 0.83 0.40 0.21 0.12
3914.29 24.31 6.27 2.10 0.83 0.40 0.22 0.12
3928.57 18.23 6.37 2.12 0.82 0.40 0.21 0.12
3942.86 24.31 7.09 2.23 0.88 0.41 0.22 0.12
3957.14 18.23 6.99 2.23 0.87 0.40 0.21 0.12
3971.43 24.31 6.47 2.12 0.83 0.40 0.21 0.12
3985.71 18.23 6.99 2.05 0.82 0.40 0.21 0.12
4000.00 36.47 7.29 2.06 0.81 0.39 0.21 0.12
4014.29 24.31 7.71 2.01 0.78 0.37 0.20 0.12
4028.57 18.23 6.99 2.12 0.83 0.41 0.22 0.12
4042.86 24.31 7.19 2.25 0.88 0.41 0.21 0.12
4057.14 24.31 6.88 1.98 0.82 0.38 0.20 0.12
4071.43 24.31 7.09 2.19 0.85 0.38 0.21 0.12
4085.71 12.16 6.68 2.22 0.87 0.40 0.21 0.12
4100.00 24.31 6.99 2.18 0.85 0.40 0.21 0.12
4114.29 24.31 7.19 2.15 0.86 0.40 0.22 0.12
4128.57 24.31 6.58 2.05 0.81 0.37 0.20 0.11
4142.86 12.16 7.29 2.25 0.89 0.41 0.22 0.12
4157.14 18.23 6.37 2.13 0.85 0.42 0.21 0.12
4171.43 24.31 6.78 2.18 0.86 0.40 0.21 0.12
4185.71 18.23 7.40 2.15 0.89 0.41 0.21 0.12
4200.00 18.23 8.01 2.33 0.88 0.41 0.22 0.12
4214.29 12.16 6.27 2.09 0.86 0.41 0.22 0.13
4228.57 18.23 6.16 2.10 0.82 0.40 0.21 0.12
4242.86 30.39 5.96 1.88 0.78 0.37 0.20 0.12
4257.14 18.23 5.65 2.00 0.79 0.37 0.20 0.11
4271.43 42.55 6.37 2.08 0.81 0.38 0.20 0.12
4285.71 18.23 6.47 2.15 0.85 0.41 0.21 0.12
4300.00 18.23 5.86 1.94 0.77 0.37 0.19 0.11
4314.29 24.31 7.29 2.17 0.80 0.38 0.20 0.12
4328.57 18.23 5.45 1.94 0.79 0.37 0.20 0.11
4342.86 18.23 6.37 1.90 0.77 0.37 0.20 0.12
4357.14 18.23 6.16 1.92 0.77 0.37 0.19 0.11
4371.43 12.16 5.55 1.84 0.75 0.36 0.19 0.11
4385.71 36.47 6.37 1.82 0.73 0.35 0.19 0.11
4400.00 36.47 7.29 2.01 0.78 0.37 0.19 0.11
4414.29 30.39 6.06 1.89 0.73 0.35 0.19 0.11
4428.57 24.31 6.47 1.82 0.72 0.34 0.18 0.11
4442.86 18.23 6.68 1.84 0.74 0.35 0.19 0.11
4457.14 36.47 6.37 1.76 0.68 0.33 0.17 0.10
4471.43 18.23 5.86 1.73 0.66 0.32 0.17 0.10
4485.71 24.31 5.75 1.66 0.69 0.33 0.18 0.10
4500.00 18.23 6.06 1.73 0.67 0.31 0.17 0.10
4514.29 18.23 6.37 1.73 0.65 0.32 0.17 0.10
4528.57 18.23 6.16 1.70 0.69 0.33 0.17 0.10
4542.86 18.23 5.96 1.66 0.67 0.31 0.17 0.10
4557.14 6.08 5.55 1.58 0.63 0.30 0.16 0.09
4571.43 18.23 5.86 1.57 0.63 0.29 0.16 0.10
4585.71 30.39 6.06 1.52 0.61 0.27 0.15 0.09
4600.00 18.23 5.86 1.69 0.62 0.30 0.16 0.09
4614.29 24.31 6.16 1.62 0.62 0.28 0.15 0.09
4628.57 24.31 6.27 1.85 0.67 0.31 0.17 0.10
4642.86 18.23 5.86 1.70 0.64 0.29 0.15 0.09
4657.14 24.31 6.06 1.65 0.61 0.28 0.15 0.09
4671.43 24.31 6.37 1.73 0.63 0.27 0.14 0.08
4685.71 18.23 5.86 1.81 0.65 0.28 0.15 0.08
4700.00 12.16 6.78 1.65 0.60 0.27 0.15 0.09
4714.29 18.23 6.16 1.74 0.62 0.29 0.15 0.09
4728.57 18.23 6.06 1.66 0.61 0.27 0.14 0.08
4742.86 30.39 5.86 1.66 0.57 0.26 0.14 0.08
4757.14 24.31 6.47 1.65 0.59 0.27 0.14 0.08
4771.43 24.31 6.06 1.68 0.61 0.27 0.14 0.08
4785.71 30.39 5.24 1.58 0.58 0.27 0.14 0.08
4800.00 36.47 5.96 1.74 0.63 0.27 0.14 0.08
4814.29 18.23 5.65 1.61 0.58 0.26 0.14 0.08
4828.57 18.23 5.55 1.53 0.57 0.26 0.13 0.08
4842.86 24.31 5.03 1.56 0.59 0.27 0.14 0.08
4857.14 24.31 6.47 1.73 0.64 0.28 0.14 0.08
4871.43 12.16 5.24 1.49 0.57 0.25 0.13 0.08
4885.71 18.23 5.55 1.61 0.57 0.26 0.13 0.07
4900.00 24.31 6.27 1.61 0.58 0.26 0.13 0.07
4914.29 24.31 6.47 1.69 0.61 0.26 0.13 0.08
4928.57 24.31 5.45 1.62 0.57 0.26 0.13 0.07
4942.86 18.23 6.06 1.66 0.60 0.27 0.14 0.08
4957.14 12.16 6.06 1.76 0.65 0.28 0.14 0.08
4971.43 18.23 5.65 1.62 0.56 0.25 0.13 0.07
4985.71 18.23 6.47 1.73 0.62 0.28 0.14 0.08
5000.00 18.23 5.86 1.72 0.61 0.27 0.14 0.08
5014.29 18.23 5.75 1.57 0.57 0.25 0.13 0.07
5028.57 24.31 6.16 1.62 0.60 0.26 0.13 0.08
5042.86 12.16 4.52 1.46 0.57 0.26 0.13 0.08
5057.14 24.31 5.86 1.64 0.60 0.27 0.14 0.08
5071.43 12.16 4.52 1.44 0.55 0.25 0.12 0.07
5085.71 12.16 5.24 1.52 0.57 0.25 0.13 0.07
5100.00 18.23 5.14 1.58 0.58 0.25 0.13 0.08
5114.29 6.08 6.16 1.74 0.63 0.28 0.14 0.08
5128.57 12.16 5.34 1.53 0.57 0.25 0.12 0.07
5142.86 24.31 6.16 1.72 0.61 0.28 0.14 0.08
5157.14 12.16 5.75 1.61 0.59 0.26 0.13 0.07
5171.43 12.16 6.47 1.76 0.65 0.28 0.14 0.08
5185.71 24.31 6.16 1.66 0.62 0.27 0.14 0.08
5200.00 18.23 6.37 1.69 0.64 0.27 0.13 0.07
5214.29 12.16 6.68 1.69 0.59 0.26 0.13 0.08
5228.57 24.31 6.16 1.68 0.59 0.26 0.13 0.07
5242.86 18.23 6.47 1.73 0.61 0.26 0.14 0.08
5257.14 12.16 6.16 1.81 0.65 0.28 0.15 0.08
5271.43 24.31 6.88 1.78 0.65 0.29 0.14 0.08
5285.71 18.23 7.71 1.86 0.66 0.30 0.15 0.08
5300.00 24.31 6.06 1.74 0.65 0.28 0.14 0.08
5314.29 30.39 5.65 1.64 0.63 0.28 0.14 0.08
5328.57 24.31 7.29 2.02 0.72 0.31 0.15 0.09
5342.86 24.31 7.60 1.90 0.69 0.30 0.15 0.09
5357.14 36.47 6.16 1.72 0.63 0.27 0.14 0.08
5371.43 18.23 6.27 1.81 0.64 0.28 0.14 0.08
5385.71 18.23 6.27 1.88 0.66 0.29 0.15 0.08
5400.00 12.16 5.34 1.64 0.64 0.29 0.15 0.08
5414.29 12.16 5.45 1.68 0.59 0.27 0.14 0.08
5428.57 24.31 5.03 1.57 0.60 0.28 0.14 0.08
5442.86 24.31 5.96 1.53 0.59 0.27 0.14 0.08
5457.14 18.23 6.06 1.52 0.55 0.25 0.13 0.07
5471.43 6.08 4.62 1.38 0.52 0.23 0.12 0.07
5485.71 24.31 4.21 1.21 0.48 0.22 0.12 0.07
5500.00 12.16 5.03 1.26 0.50 0.23 0.12 0.07
5514.29 36.47 5.45 1.46 0.54 0.24 0.12 0.07
5528.57 18.23 4.01 1.12 0.48 0.21 0.11 0.07
5542.86 18.23 4.42 1.25 0.49 0.22 0.11 0.07
5557.14 12.16 4.42 1.16 0.45 0.21 0.11 0.06
5571.43 30.39 5.03 1.21 0.43 0.21 0.11 0.07
5585.71 12.16 4.93 1.16 0.44 0.20 0.11 0.06
5600.00 24.31 4.42 1.06 0.39 0.20 0.10 0.06
5614.29 30.39 4.31 1.09 0.43 0.20 0.11 0.06
5628.57 18.23 4.31 1.10 0.42 0.19 0.10 0.06
5642.86 30.39 5.03 1.24 0.45 0.20 0.11 0.06
5657.14 6.08 4.21 1.08 0.38 0.17 0.10 0.06
5671.43 24.31 4.93 1.20 0.42 0.19 0.10 0.06
5685.71 18.23 4.21 1.01 0.35 0.17 0.09 0.05
5700.00 12.16 5.14 1.32 0.45 0.20 0.11 0.06
5714.29 24.31 4.83 1.18 0.41 0.18 0.10 0.06
5728.57 6.08 4.42 1.09 0.39 0.17 0.09 0.05
5742.86 12.16 4.83 1.06 0.39 0.17 0.09 0.05
5757.14 24.31 4.21 1.08 0.37 0.16 0.09 0.05
5771.43 36.47 5.45 1.18 0.42 0.18 0.09 0.05
5785.71 18.23 5.03 1.09 0.37 0.16 0.08 0.05
5800.00 12.16 4.52 1.14 0.37 0.16 0.09 0.05
5814.29 6.08 4.62 1.09 0.36 0.15 0.08 0.05
5828.57 18.23 4.21 1.04 0.36 0.16 0.08 0.05
5842.86 24.31 5.03 1.16 0.38 0.16 0.08 0.05
5857.14 30.39 4.73 1.21 0.38 0.17 0.08 0.05
5871.43 30.39 4.73 1.13 0.36 0.16 0.08 0.04
5885.71 24.31 5.14 1.17 0.37 0.16 0.08 0.05
5900.00 12.16 5.14 1.14 0.38 0.16 0.08 0.05
5914.29 36.47 5.03 1.20 0.37 0.16 0.08 0.04
5928.57 6.08 4.21 1.16 0.37 0.15 0.08 0.05
5942.86 6.08 4.73 1.12 0.36 0.15 0.08 0.04
5957.14 30.39 5.03 1.09 0.36 0.15 0.08 0.04
5971.43 12.16 4.93 1.21 0.40 0.17 0.08 0.05
5985.71 30.39 4.62 1.05 0.34 0.14 0.07 0.04
6000.00 18.23 4.21 0.98 0.35 0.15 0.07 0.04
6014.29 18.23 4.52 1.06 0.37 0.16 0.08 0.04
6028.57 0.00 4.42 1.14 0.37 0.15 0.07 0.04
6042.86 24.31 5.03 1.12 0.37 0.15 0.07 0.04
6057.14 18.23 5.03 1.14 0.36 0.15 0.07 0.04
6071.43 24.31 5.14 1.24 0.39 0.16 0.08 0.04
6085.71 24.31 4.93 1.09 0.36 0.15 0.07 0.04
6100.00 18.23 4.83 1.14 0.37 0.15 0.07 0.04
6114.29 12.16 5.14 1.30 0.40 0.17 0.08 0.04
6128.57 18.23 3.80 1.04 0.35 0.15 0.07 0.04
6142.86 24.31 5.24 1.20 0.37 0.15 0.07 0.04
6157.14 6.08 4.62 1.13 0.39 0.16 0.08 0.04
6171.43 36.47 5.24 1.18 0.39 0.16 0.07 0.04
6185.71 24.31 4.83 1.13 0.37 0.16 0.07 0.04
6200.00 18.23 4.42 1.12 0.37 0.15 0.07 0.04
6214.29 18.23 5.03 1.25 0.43 0.17 0.08 0.04
6228.57 6.08 4.21 1.09 0.38 0.15 0.07 0.04
6242.86 18.23 4.52 1.06 0.34 0.14 0.07 0.04
6257.14 12.16 3.90 0.98 0.36 0.15 0.07 0.04
6271.43 18.23 3.80 1.00 0.36 0.15 0.07 0.04
6285.71 18.23 4.73 1.21 0.40 0.16 0.08 0.04
6300.00 6.08 4.31 1.06 0.38 0.16 0.07 0.04
6314.29 6.08 4.21 1.02 0.34 0.14 0.07 0.04
6328.57 18.23 4.62 1.06 0.36 0.15 0.07 0.04
6342.86 18.23 4.01 1.06 0.37 0.15 0.07 0.04
6357.14 30.39 4.83 1.17 0.38 0.15 0.07 0.04
6371.43 18.23 4.21 1.13 0.38 0.16 0.07 0.04
6385.71 18.23 4.52 1.12 0.37 0.15 0.07 0.04
6400.00 30.39 4.73 1.17 0.40 0.16 0.08 0.04
6414.29 48.62 4.52 1.09 0.37 0.15 0.07 0.04
6428.57 24.31 4.31 0.96 0.32 0.14 0.07 0.04
6442.86 24.31 4.31 1.09 0.35 0.14 0.07 0.04
6457.14 24.31 4.31 1.05 0.36 0.15 0.07 0.04
6471.43 18.23 4.31 1.09 0.37 0.15 0.07 0.04
6485.71 18.23 4.52 1.04 0.33 0.13 0.07 0.04
6500.00 24.31 5.45 1.18 0.38 0.16 0.08 0.04
6514.29 24.31 5.45 1.21 0.41 0.16 0.08 0.04
6528.57 24.31 5.55 1.25 0.39 0.16 0.08 0.04
6542.86 18.23 4.83 1.17 0.38 0.15 0.08 0.04
6557.14 24.31 4.62 1.08 0.34 0.14 0.07 0.04
6571.43 12.16 4.52 1.12 0.37 0.15 0.07 0.04
6585.71 36.47 4.52 1.12 0.36 0.15 0.07 0.04
6600.00 24.31 4.83 1.17 0.37 0.14 0.07 0.04
6614.29 30.39 4.73 1.09 0.34 0.14 0.07 0.04
6628.57 24.31 4.83 1.14 0.37 0.15 0.08 0.04
6642.86 18.23 4.73 1.18 0.36 0.15 0.07 0.04
6657.14 24.31 4.93 1.13 0.36 0.15 0.08 0.04
6671.43 18.23 4.21 1.12 0.36 0.15 0.07 0.04
6685.71 24.31 5.14 1.05 0.31 0.13 0.06 0.04
6700.00 36.47 4.93 1.18 0.38 0.16 0.07 0.04
6714.29 24.31 4.83 1.08 0.34 0.13 0.07 0.04
6728.57 12.16 5.03 1.18 0.39 0.15 0.08 0.04
6742.86 18.23 4.42 1.01 0.33 0.14 0.07 0.04
6757.14 30.39 4.52 1.08 0.33 0.14 0.07 0.04
6771.43 24.31 3.90 1.02 0.33 0.13 0.07 0.04
6785.71 24.31 4.21 1.00 0.33 0.14 0.07 0.04
6800.00 30.39 4.73 1.12 0.36 0.15 0.07 0.04
6814.29 30.39 4.11 1.04 0.35 0.14 0.07 0.04
6828.57 18.23 4.21 0.96 0.32 0.14 0.07 0.04
6842.86 18.23 5.14 1.14 0.37 0.15 0.07 0.04
6857.14 18.23 4.62 1.10 0.35 0.14 0.07 0.04
6871.43 18.23 4.73 1.13 0.37 0.15 0.07 0.04
6885.71 30.39 5.03 1.14 0.36 0.15 0.07 0.04
6900.00 18.23 4.62 0.98 0.32 0.13 0.07 0.04
6914.29 36.47 4.73 1.05 0.34 0.14 0.07 0.04
6928.57 18.23 3.90 0.92 0.31 0.13 0.06 0.03
6942.86 24.31 4.42 1.14 0.37 0.15 0.07 0.04
6957.14 18.23 4.83 1.12 0.37 0.15 0.07 0.04
6971.43 24.31 4.83 1.13 0.36 0.15 0.07 0.04
6985.71 18.23 4.11 0.97 0.32 0.13 0.07 0.04
7000.00 24.31 3.90 0.89 0.29 0.12 0.06 0.03
7014.29 12.16 4.11 0.96 0.31 0.13 0.07 0.04
7028.57 24.31 3.80 0.94 0.32 0.13 0.07 0.04
7042.86 24.31 4.93 1.08 0.33 0.14 0.07 0.04
7057.14 18.23 4.52 1.01 0.33 0.13 0.06 0.04
7071.43 18.23 4.21 1.00 0.32 0.14 0.07 0.04
7085.71 30.39 4.11 1.02 0.33 0.14 0.07 0.04
7100.00 36.47 4.62 0.98 0.32 0.14 0.07 0.04
7114.29 24.31 3.90 0.78 0.27 0.12 0.06 0.03
7128.57 18.23 4.21 1.00 0.31 0.13 0.06 0.04
7142.86 36.47 4.11 0.93 0.30 0.13 0.06 0.03
7157.14 18.23 4.11 1.00 0.31 0.13 0.07 0.04
7171.43 18.23 4.21 0.88 0.29 0.12 0.06 0.03
7185.71 18.23 3.80 0.81 0.27 0.11 0.06 0.03
7200.00 36.47 3.39 0.84 0.28 0.12 0.06 0.04
7214.29 6.08 4.42 0.94 0.29 0.12 0.06 0.03
7228.57 30.39 4.83 0.96 0.30 0.12 0.06 0.03
7242.86 24.31 4.93 0.94 0.30 0.13 0.06 0.04
7257.14 18.23 4.21 0.86 0.27 0.12 0.06 0.03
7271.43 24.31 4.93 0.96 0.30 0.12 0.06 0.03
7285.71 18.23 4.11 0.93 0.29 0.12 0.06 0.03
7300.00 18.23 4.21 0.92 0.30 0.12 0.06 0.03
7314.29 12.16 3.29 0.88 0.28 0.11 0.06 0.03
7328.57 30.39 4.73 1.00 0.30 0.12 0.06 0.03
7342.86 12.16 4.21 0.96 0.30 0.12 0.06 0.03
7357.14 18.23 3.90 0.98 0.31 0.13 0.06 0.04
7371.43 24.31 3.80 0.86 0.28 0.11 0.06 0.03
7385.71 24.31 4.11 0.88 0.28 0.12 0.06 0.03
7400.00 36.47 4.11 0.97 0.30 0.12 0.06 0.03
7414.29 24.31 3.90 0.93 0.29 0.11 0.06 0.03
7428.57 24.31 4.52 1.00 0.30 0.12 0.06 0.03
7442.86 12.16 4.42 1.00 0.31 0.12 0.06 0.03
7457.14 30.39 4.83 1.02 0.29 0.12 0.06 0.03
7471.43 12.16 3.29 0.80 0.24 0.10 0.05 0.03
7485.71 24.31 4.42 0.90 0.27 0.11 0.05 0.03
7500.00 18.23 4.73 0.94 0.28 0.12 0.06 0.03
7514.29 42.55 3.80 0.80 0.26 0.10 0.05 0.03
7528.57 30.39 4.21 0.88 0.26 0.11 0.05 0.03
7542.86 6.08 3.80 0.85 0.26 0.10 0.05 0.03
7557.14 18.23 4.01 0.93 0.28 0.12 0.06 0.03
7571.43 18.23 4.42 0.88 0.28 0.11 0.05 0.03
7585.71 18.23 4.52 0.86 0.26 0.10 0.05 0.03
7600.00 30.39 4.52 0.93 0.30 0.11 0.06 0.03
7614.29 24.31 4.31 0.86 0.27 0.11 0.05 0.03
7628.57 24.31 4.42 1.05 0.32 0.13 0.06 0.03
7642.86 24.31 4.31 0.85 0.27 0.11 0.05 0.03
7657.14 18.23 4.42 0.86 0.27 0.10 0.05 0.03
7671.43 24.31 3.90 0.88 0.27 0.10 0.05 0.03
7685.71 42.55 4.52 0.94 0.29 0.11 0.05 0.03
7700.00 42.55 4.83 0.90 0.27 0.11 0.05 0.03
7714.29 36.47 4.73 0.94 0.29 0.11 0.06 0.03
7728.57 36.47 4.01 0.80 0.25 0.10 0.05 0.03
7742.86 24.31 4.52 0.84 0.25 0.10 0.05 0.03
7757.14 18.23 4.83 1.01 0.30 0.12 0.06 0.03
7771.43 24.31 4.52 0.97 0.28 0.11 0.05 0.03
7785.71 30.39 4.93 1.00 0.30 0.12 0.06 0.03
7800.00 36.47 4.01 0.88 0.27 0.11 0.05 0.03
7814.29 18.23 3.80 0.84 0.26 0.10 0.05 0.03
7828.57 24.31 4.31 0.93 0.28 0.11 0.05 0.03
7842.86 36.47 3.90 0.82 0.27 0.10 0.05 0.03
7857.14 24.31 3.60 0.84 0.25 0.10 0.05 0.03
7871.43 12.16 4.42 0.92 0.29 0.11 0.05 0.03
7885.71 30.39 4.11 0.96 0.29 0.11 0.05 0.03
7900.00 18.23 3.49 0.77 0.23 0.09 0.05 0.02
7914.29 18.23 4.52 0.92 0.28 0.11 0.05 0.03
7928.57 36.47 4.11 0.88 0.28 0.11 0.05 0.03
7942.86 36.47 4.52 0.96 0.30 0.12 0.06 0.03
7957.14 24.31 3.90 0.81 0.26 0.10 0.05 0.03
7971.43 6.08 4.01 0.84 0.24 0.09 0.05 0.03
7985.71 24.31 3.90 0.86 0.26 0.10 0.05 0.03
8000.00 36.47 4.21 0.85 0.27 0.11 0.05 0.03
8014.29 24.31 4.42 0.90 0.27 0.11 0.05 0.03
8028.57 18.23 3.80 0.81 0.24 0.10 0.05 0.03
8042.86 24.31 4.31 0.84 0.24 0.10 0.05 0.03
8057.14 24.31 3.80 0.92 0.27 0.11 0.05 0.03
8071.43 18.23 4.21 0.90 0.27 0.10 0.05 0.03
8085.71 24.31 4.42 0.93 0.28 0.11 0.05 0.03
8100.00 12.16 4.01 0.88 0.26 0.10 0.05 0.03
8114.29 18.23 4.83 0.89 0.27 0.10 0.05 0.03
8128.57 30.39 5.03 1.06 0.32 0.12 0.06 0.03
8142.86 18.23 3.80 0.88 0.27 0.11 0.05 0.03
8157.14 18.23 4.42 0.93 0.28 0.11 0.05 0.03
8171.43 24.31 4.42 0.92 0.28 0.11 0.05 0.03
8185.71 24.31 4.31 0.89 0.26 0.10 0.05 0.03
8200.00 30.39 4.42 0.93 0.27 0.11 0.05 0.03
8214.29 24.31 3.49 0.80 0.24 0.10 0.05 0.03
8228.57 30.39 4.52 0.98 0.28 0.11 0.05 0.03
8242.86 36.47 4.31 0.96 0.27 0.11 0.05 0.03
8257.14 24.31 4.42 0.84 0.24 0.10 0.05 0.03
8271.43 24.31 4.73 0.96 0.28 0.11 0.05 0.03
8285.71 30.39 4.42 0.84 0.25 0.10 0.05 0.03
8300.00 24.31 4.31 0.90 0.27 0.11 0.05 0.03
8314.29 30.39 4.73 0.98 0.29 0.11 0.05 0.03
8328.57 24.31 4.21 0.86 0.26 0.10 0.05 0.03
8342.86 36.47 3.80 0.80 0.25 0.10 0.05 0.03
8357.14 36.47 4.21 0.80 0.24 0.09 0.05 0.02
8371.43 30.39 4.83 0.90 0.26 0.10 0.05 0.03
8385.71 18.23 4.11 0.82 0.26 0.10 0.05 0.03
8400.00 24.31 4.42 0.82 0.24 0.10 0.05 0.03
8414.29 24.31 4.21 0.84 0.24 0.10 0.05 0.03
8428.57 30.39 4.73 0.98 0.29 0.12 0.06 0.03
8442.86 18.23 3.90 0.80 0.24 0.09 0.05 0.03
8457.14 18.23 4.21 0.84 0.26 0.10 0.05 0.03
8471.43 24.31 4.11 0.80 0.25 0.10 0.05 0.03
8485.71 12.16 3.39 0.69 0.21 0.09 0.04 0.02
8500.00 24.31 3.70 0.76 0.24 0.10 0.05 0.03
8514.29 6.08 3.29 0.73 0.22 0.09 0.04 0.02
8528.57 24.31 4.01 0.82 0.24 0.10 0.05 0.03
8542.86 24.31 3.70 0.71 0.22 0.09 0.05 0.03
8557.14 24.31 4.11 0.84 0.27 0.11 0.05 0.03
8571.43 24.31 3.39 0.69 0.22 0.09 0.04 0.02
8585.71 36.47 4.42 0.88 0.24 0.10 0.05 0.03
8600.00 18.23 4.42 0.82 0.25 0.10 0.05 0.03
8614.29 24.31 4.21 0.82 0.25 0.10 0.05 0.03
8628.57 12.16 2.88 0.52 0.17 0.07 0.04 0.02
8642.86 18.23 3.90 0.76 0.23 0.09 0.05 0.03
8657.14 24.31 3.80 0.72 0.22 0.09 0.05 0.03
8671.43 24.31 4.31 0.82 0.24 0.10 0.05 0.03
8685.71 36.47 3.60 0.71 0.22 0.09 0.04 0.02
8700.00 36.47 3.39 0.71 0.23 0.09 0.05 0.03
8714.29 24.31 4.11 0.78 0.24 0.10 0.05 0.03
8728.57 18.23 4.52 0.74 0.22 0.09 0.05 0.03
8742.86 24.31 3.49 0.72 0.21 0.09 0.04 0.03
8757.14 36.47 4.52 0.88 0.27 0.11 0.05 0.03
8771.43 18.23 3.29 0.72 0.22 0.09 0.05 0.03
8785.71 18.23 3.29 0.77 0.24 0.10 0.05 0.03
8800.00 36.47 4.11 0.73 0.21 0.09 0.04 0.03
8814.29 24.31 3.90 0.78 0.25 0.10 0.05 0.03
8828.57 24.31 3.29 0.67 0.20 0.08 0.04 0.02
8842.86 30.39 3.29 0.69 0.21 0.09 0.04 0.02
8857.14 18.23 3.80 0.72 0.21 0.09 0.04 0.02
8871.43 30.39 3.29 0.69 0.21 0.08 0.04 0.02
8885.71 42.55 3.39 0.67 0.19 0.08 0.04 0.02
8900.00 24.31 3.60 0.69 0.21 0.08 0.04 0.02
8914.29 18.23 3.90 0.82 0.23 0.09 0.04 0.03
8928.57 12.16 3.80 0.74 0.21 0.08 0.04 0.02
8942.86 12.16 2.98 0.65 0.19 0.07 0.04 0.02
8957.14 30.39 3.90 0.68 0.20 0.08 0.04 0.02
8971.43 24.31 4.52 0.81 0.23 0.09 0.04 0.02
8985.71 18.23 3.60 0.67 0.21 0.08 0.04 0.02
9000.00 30.39 4.21 0.86 0.24 0.09 0.05 0.02
9014.29 18.23 4.42 0.82 0.24 0.10 0.05 0.03
9028.57 30.39 3.60 0.71 0.20 0.08 0.04 0.02
9042.86 24.31 3.90 0.72 0.22 0.09 0.04 0.02
9057.14 18.23 3.29 0.72 0.21 0.08 0.04 0.02
9071.43 18.23 3.80 0.81 0.23 0.09 0.04 0.02
9085.71 18.23 3.18 0.69 0.20 0.08 0.04 0.02
9100.00 24.31 3.49 0.69 0.21 0.08 0.04 0.02
9114.29 30.39 3.90 0.76 0.21 0.08 0.04 0.02
9128.57 36.47 3.80 0.74 0.21 0.08 0.04 0.02
9142.86 42.55 3.49 0.76 0.22 0.08 0.04 0.02
9157.14 18.23 4.01 0.80 0.22 0.09 0.04 0.02
9171.43 24.31 3.49 0.65 0.19 0.07 0.04 0.02
9185.71 24.31 3.70 0.68 0.21 0.08 0.04 0.02
9200.00 12.16 3.80 0.73 0.21 0.08 0.04 0.02
9214.29 18.23 3.49 0.71 0.20 0.08 0.04 0.02
9228.57 30.39 3.49 0.71 0.20 0.08 0.04 0.02
9242.86 36.47 3.90 0.72 0.22 0.09 0.04 0.02
9257.14 18.23 3.80 0.72 0.20 0.08 0.04 0.02
9271.43 36.47 3.90 0.73 0.22 0.09 0.04 0.02
9285.71 36.47 3.08 0.59 0.17 0.07 0.03 0.02
9300.00 18.23 3.49 0.68 0.19 0.08 0.04 0.02
9314.29 18.23 3.29 0.65 0.19 0.08 0.04 0.02
9328.57 24.31 4.52 0.82 0.24 0.09 0.04 0.02
9342.86 36.47 4.11 0.81 0.23 0.09 0.04 0.02
9357.14 36.47 3.80 0.72 0.21 0.08 0.04 0.02
9371.43 30.39 3.49 0.67 0.20 0.08 0.04 0.02
9385.71 30.39 3.70 0.71 0.21 0.08 0.04 0.02
9400.00 30.39 3.70 0.68 0.20 0.08 0.04 0.02
9414.29 24.31 3.90 0.74 0.21 0.08 0.04 0.02
9428.57 24.31 3.90 0.81 0.23 0.09 0.04 0.02
9442.86 0.00 3.60 0.71 0.22 0.09 0.04 0.02
9457.14 24.31 3.49 0.63 0.19 0.08 0.04 0.02
9471.43 18.23 2.98 0.60 0.17 0.07 0.03 0.02
9485.71 18.23 3.49 0.68 0.20 0.08 0.04 0.02
9500.00 30.39 3.80 0.73 0.21 0.09 0.04 0.02
9514.29 30.39 3.80 0.68 0.20 0.08 0.04 0.02
9528.57 36.47 4.01 0.76 0.24 0.10 0.05 0.03
9542.86 48.62 3.70 0.67 0.20 0.08 0.04 0.02
9557.14 30.39 4.01 0.72 0.21 0.09 0.04 0.02
9571.43 42.55 4.52 0.76 0.22 0.09 0.04 0.03
9585.71 18.23 3.29 0.64 0.19 0.08 0.04 0.02
9600.00 36.47 4.21 0.76 0.22 0.08 0.04 0.02
9614.29 18.23 3.90 0.74 0.21 0.09 0.04 0.02
9628.57 18.23 3.90 0.71 0.20 0.08 0.04 0.02
9642.86 36.47 3.60 0.61 0.18 0.07 0.03 0.02
9657.14 24.31 3.70 0.68 0.20 0.08 0.04 0.02
9671.43 30.39 3.60 0.65 0.19 0.08 0.04 0.02
9685.71 36.47 4.11 0.72 0.21 0.08 0.04 0.02
9700.00 30.39 4.11 0.74 0.21 0.09 0.04 0.02
9714.29 30.39 3.49 0.63 0.19 0.08 0.04 0.02
9728.57 36.47 3.18 0.61 0.18 0.07 0.03 0.02
9742.86 42.55 3.08 0.57 0.18 0.07 0.04 0.02
9757.14 12.16 3.18 0.61 0.18 0.07 0.03 0.02
9771.43 36.47 3.29 0.61 0.18 0.07 0.04 0.02
9785.71 24.31 3.18 0.60 0.18 0.08 0.04 0.02
9800.00 24.31 3.18 0.56 0.17 0.07 0.04 0.02
9814.29 18.23 2.88 0.59 0.18 0.08 0.04 0.02
9828.57 18.23 3.29 0.67 0.19 0.08 0.04 0.02
9842.86 24.31 3.80 0.74 0.22 0.09 0.04 0.03
9857.14 18.23 2.26 0.45 0.14 0.06 0.03 0.02
9871.43 42.55 3.08 0.53 0.17 0.07 0.03 0.02
9885.71 36.47 3.08 0.53 0.16 0.07 0.03 0.02
9900.00 18.23 3.29 0.56 0.17 0.07 0.04 0.02
9914.29 24.31 3.29 0.57 0.17 0.07 0.03 0.02
9928.57 24.31 2.98 0.53 0.16 0.07 0.03 0.02
9942.86 18.23 2.88 0.52 0.17 0.06 0.03 0.02
9957.14 18.23 2.57 0.55 0.17 0.07 0.03 0.02
9971.43 18.23 2.98 0.49 0.15 0.06 0.03 0.02
9985.71 30.39 3.60 0.64 0.18 0.07 0.04 0.02
10000.00 24.31 2.88 0.51 0.16 0.07 0.03 0.02
10014.30 24.31 3.80 0.63 0.18 0.07 0.04 0.02
10028.60 18.23 3.49 0.59 0.18 0.07 0.03 0.02
10042.90 24.31 4.01 0.68 0.19 0.08 0.04 0.02
10057.10 30.39 2.98 0.53 0.17 0.07 0.03 0.02
10071.40 24.31 3.29 0.56 0.16 0.07 0.03 0.02
10085.70 42.55 3.70 0.63 0.18 0.07 0.03 0.02
10100.00 36.47 3.90 0.63 0.18 0.07 0.04 0.02
10114.30 12.16 3.29 0.59 0.17 0.07 0.03 0.02
10128.60 42.55 3.70 0.61 0.18 0.07 0.03 0.02
10142.90 36.47 3.39 0.56 0.16 0.07 0.03 0.02
10157.10 18.23 2.67 0.49 0.14 0.06 0.03 0.02
10171.40 24.31 3.29 0.52 0.16 0.07 0.03 0.02
10185.70 24.31 3.60 0.59 0.17 0.07 0.03 0.02
10200.00 42.55 3.08 0.53 0.15 0.06 0.03 0.02
10214.30 18.23 3.18 0.55 0.16 0.06 0.03 0.02
10228.60 42.55 3.18 0.47 0.13 0.05 0.03 0.02
10242.90 24.31 3.08 0.52 0.14 0.06 0.03 0.02
10257.10 30.39 2.98 0.52 0.14 0.06 0.03 0.02
10271.40 24.31 3.18 0.51 0.15 0.06 0.03 0.02
10285.70 36.47 3.39 0.59 0.17 0.07 0.03 0.02
10300.00 30.39 3.29 0.59 0.17 0.07 0.03 0.02
10314.30 24.31 3.18 0.55 0.17 0.07 0.03 0.02
10328.60 24.31 3.08 0.57 0.16 0.06 0.03 0.02
10342.90 36.47 2.98 0.51 0.14 0.06 0.03 0.02
10357.10 36.47 3.80 0.63 0.18 0.07 0.03 0.02
10371.40 24.31 2.98 0.49 0.14 0.06 0.03 0.02
10385.70 18.23 2.88 0.55 0.16 0.06 0.03 0.02
10400.00 24.31 2.98 0.51 0.15 0.06 0.03 0.02
10414.30 30.39 3.29 0.55 0.16 0.06 0.03 0.02
10428.60 30.39 3.29 0.51 0.14 0.06 0.03 0.02
10442.90 36.47 3.18 0.55 0.16 0.07 0.03 0.02
10457.10 0.00 1.34 0.57 0.17 0.07 0.03 0.02
10471.40 24.31 3.39 0.55 0.15 0.06 0.03 0.02
10485.70 24.31 3.60 0.57 0.16 0.07 0.03 0.02
10500.00 42.55 3.29 0.53 0.16 0.07 0.03 0.02
10514.30 24.31 2.98 0.49 0.15 0.06 0.03 0.02
10528.60 18.23 2.67 0.47 0.13 0.06 0.03 0.02
10542.90 24.31 3.80 0.59 0.17 0.07 0.03 0.02
10557.10 36.47 3.60 0.61 0.17 0.07 0.04 0.02
10571.40 24.31 2.98 0.51 0.15 0.06 0.03 0.02
10585.70 0.00 1.64 0.51 0.16 0.06 0.03 0.02
10600.00 24.31 2.98 0.51 0.15 0.06 0.03 0.02
10614.30 0.00 2.67 0.49 0.15 0.06 0.03 0.02
10628.60 42.55 3.60 0.57 0.17 0.07 0.03 0.02
10642.90 24.31 3.60 0.59 0.17 0.07 0.03 0.02
10657.10 36.47 3.29 0.56 0.16 0.06 0.03 0.02
10671.40 18.23 2.77 0.47 0.14 0.06 0.03 0.02
10685.70 18.23 3.60 0.63 0.17 0.07 0.03 0.02
10700.00 18.23 2.88 0.53 0.15 0.06 0.03 0.02
10714.30 30.39 3.18 0.57 0.17 0.07 0.03 0.02
10728.60 36.47 3.18 0.56 0.16 0.06 0.03 0.02
10742.90 36.47 3.18 0.53 0.15 0.06 0.03 0.02
10757.10 48.62 3.29 0.52 0.15 0.06 0.03 0.02
10771.40 30.39 3.08 0.52 0.15 0.06 0.03 0.02
10785.70 36.47 3.29 0.55 0.17 0.06 0.03 0.02
10800.00 36.47 3.29 0.53 0.16 0.06 0.03 0.02
10814.30 36.47 2.67 0.45 0.13 0.05 0.03 0.02
10828.60 24.31 2.57 0.44 0.14 0.06 0.03 0.02
10842.90 30.39 3.39 0.55 0.15 0.07 0.03 0.02
10857.10 18.23 2.88 0.48 0.14 0.06 0.03 0.02
10871.40 36.47 2.88 0.47 0.14 0.06 0.03 0.02
10885.70 42.55 3.39 0.53 0.16 0.06 0.03 0.02
10900.00 24.31 3.08 0.51 0.16 0.06 0.03 0.02
10914.30 24.31 2.98 0.49 0.14 0.06 0.03 0.02
10928.60 18.23 3.18 0.49 0.15 0.06 0.03 0.02
10942.90 24.31 3.80 0.57 0.16 0.07 0.03 0.02
10957.10 30.39 3.18 0.48 0.14 0.06 0.03 0.02
10971.40 18.23 2.47 0.41 0.13 0.06 0.03 0.02
10985.70 36.47 2.67 0.43 0.12 0.05 0.02 0.01
11000.00 24.31 3.29 0.55 0.15 0.06 0.03 0.02
11014.30 18.23 2.77 0.45 0.13 0.05 0.03 0.02
11028.60 36.47 3.60 0.59 0.16 0.06 0.03 0.02
11042.90 24.31 2.57 0.44 0.13 0.05 0.03 0.01
11057.10 36.47 2.88 0.51 0.14 0.06 0.03 0.02
11071.40 24.31 3.18 0.52 0.15 0.06 0.03 0.02
11085.70 36.47 2.88 0.43 0.12 0.05 0.03 0.01
11100.00 24.31 2.77 0.45 0.13 0.05 0.03 0.02
11114.30 12.16 2.16 0.35 0.10 0.04 0.02 0.01
11128.60 24.31 2.98 0.45 0.13 0.05 0.03 0.01
11142.90 24.31 2.88 0.45 0.12 0.05 0.02 0.01
11157.10 24.31 2.67 0.41 0.12 0.05 0.03 0.01
11171.40 42.55 2.88 0.44 0.12 0.05 0.03 0.01
11185.70 24.31 2.16 0.37 0.11 0.05 0.02 0.01
11200.00 36.47 3.29 0.55 0.16 0.06 0.03 0.02
11214.30 24.31 2.98 0.45 0.12 0.05 0.03 0.01
11228.60 24.31 2.88 0.45 0.13 0.05 0.02 0.01
11242.90 36.47 2.88 0.45 0.13 0.05 0.03 0.01
11257.10 24.31 2.67 0.44 0.12 0.05 0.02 0.02
11271.40 18.23 2.98 0.51 0.14 0.06 0.03 0.02
11285.70 24.31 2.77 0.45 0.12 0.05 0.02 0.01
11300.00 24.31 2.88 0.49 0.14 0.06 0.03 0.02
11314.30 36.47 2.88 0.49 0.13 0.05 0.03 0.01
11328.60 30.39 2.67 0.43 0.13 0.05 0.03 0.01
11342.90 24.31 3.49 0.55 0.15 0.06 0.03 0.02
11357.10 30.39 2.98 0.47 0.13 0.05 0.03 0.02
11371.40 30.39 2.47 0.44 0.13 0.05 0.03 0.02
11385.70 24.31 2.98 0.49 0.13 0.05 0.03 0.02
11400.00 42.55 2.67 0.48 0.14 0.05 0.03 0.02
11414.30 18.23 2.67 0.44 0.13 0.05 0.03 0.02
11428.60 36.47 3.70 0.57 0.16 0.06 0.03 0.02
