#time  x  y  z  vx  vy  vz
0.00 -2.04 3.10 -1.47 -5.26 0.92 -6.37
71.43 -1.86 3.11 -1.46 -6.41 11.85 -0.32
142.86 -1.90 3.23 -1.55 -4.19 9.01 -5.40
214.29 -2.23 3.39 -1.59 -3.41 8.83 5.74
285.71 -2.46 3.79 -1.61 -2.95 9.67 -5.91
357.14 -2.63 4.36 -1.57 -3.07 7.53 -2.16
428.57 -3.31 4.66 -1.63 -3.34 5.69 -1.11
500.00 -3.46 5.59 -1.82 -9.97 9.52 -10.69
571.43 -3.68 6.12 -2.04 -0.38 4.13 -1.69
642.86 -3.92 6.57 -2.16 -4.33 11.22 3.43
714.29 -4.01 7.01 -2.22 -4.19 12.36 0.45
785.71 -4.44 7.44 -2.56 -2.87 9.29 -11.11
857.14 -5.14 8.20 -3.18 -10.90 9.14 -8.91
928.57 -5.94 9.09 -3.71 -11.34 5.04 -9.29
1000.00 -6.57 10.25 -4.30 -1.36 3.45 -8.06
1071.43 -7.01 11.07 -4.87 -1.30 4.75 -11.16
1142.86 -7.48 12.06 -5.62 -6.09 11.86 -7.98
1214.29 -8.08 13.19 -6.40 -9.84 12.88 -9.92
1285.71 -8.68 14.52 -7.15 -7.75 22.31 -7.70
1357.14 -9.25 15.87 -7.94 -14.54 21.55 -15.56
1428.57 -9.93 17.08 -8.83 -7.41 12.51 -10.91
1500.00 -10.69 18.32 -9.81 -11.37 17.88 -12.81
1571.43 -11.50 19.72 -10.85 -18.40 24.52 -12.60
1642.86 -12.40 21.41 -11.80 -19.68 24.35 -8.94
1714.29 -13.34 23.29 -12.74 -10.03 27.42 -13.14
1785.71 -14.36 25.29 -13.75 -15.54 32.16 -15.46
1857.14 -15.36 27.23 -14.82 -23.90 22.65 -8.29
1928.57 -16.62 29.30 -15.78 -22.89 25.51 -19.62
2000.00 -18.26 31.62 -16.88 -17.68 27.91 -13.60
2071.43 -19.76 34.21 -17.99 -26.67 38.51 -17.30
2142.86 -21.28 37.04 -19.18 -14.81 47.10 -20.57
2214.29 -22.65 39.93 -20.44 -17.62 40.12 -22.26
2285.71 -24.29 42.83 -21.83 -23.38 41.54 -15.12
2357.14 -25.92 45.87 -23.15 -28.70 43.06 -13.88
2428.57 -27.65 49.11 -24.49 -22.75 46.56 -18.99
2500.00 -29.41 52.18 -25.89 -23.80 50.22 -22.10
2571.43 -31.11 55.98 -27.36 -18.63 49.35 -16.43
2642.86 -33.16 59.74 -28.77 -23.20 50.68 -14.52
2714.29 -34.97 63.75 -30.28 -36.74 53.92 -23.46
2785.71 -36.92 67.78 -31.90 -29.77 63.85 -22.90
2857.14 -39.09 72.12 -33.61 -30.68 62.80 -22.02
2928.57 -41.24 76.88 -35.40 -25.36 65.67 -18.12
3000.00 -43.31 81.84 -37.42 -26.22 75.73 -28.52
3071.43 -45.06 86.86 -39.47 -23.76 80.45 -26.37
3142.86 -47.31 92.91 -41.54 -36.09 80.00 -29.93
3214.29 -49.61 99.18 -43.72 -41.46 80.98 -28.29
3285.71 -52.37 105.50 -45.73 -40.18 91.13 -35.83
3357.14 -55.28 112.35 -47.93 -42.41 98.50 -34.84
3428.57 -58.70 119.90 -50.12 -43.41 114.37 -35.27
3500.00 -61.70 128.24 -52.27 -36.09 121.18 -31.57
3571.43 -64.63 137.40 -54.37 -42.43 129.16 -28.24
3642.86 -67.81 147.40 -56.32 -44.09 147.58 -21.56
3714.29 -70.89 158.79 -58.08 -46.95 174.32 -23.39
3785.71 -73.96 171.81 -59.24 -42.63 189.79 -14.49
3857.14 -77.04 186.71 -59.39 -38.58 222.23 10.61
3928.57 -78.61 204.40 -57.23 -4.72 267.96 54.53
4000.00 -76.78 223.09 -50.34 58.20 247.59 134.55
4071.43 -71.18 238.44 -40.12 83.45 184.53 141.98
4142.86 -64.42 249.44 -30.15 88.03 124.62 125.84
4214.29 -58.67 257.23 -21.90 83.85 86.43 101.76
4285.71 -53.72 262.49 -15.13 70.46 65.05 83.73
4357.14 -49.14 266.37 -9.70 62.21 46.42 69.96
4428.57 -44.63 268.83 -5.01 67.55 29.19 52.53
4500.00 -40.40 270.11 -0.92 57.93 8.61 52.80
4571.43 -36.39 270.19 2.73 52.06 -8.61 48.32
4642.86 -32.52 269.37 6.14 51.81 -21.14 48.21
4714.29 -28.94 267.80 9.11 55.17 -25.52 34.65
4785.71 -25.41 265.39 11.67 50.28 -41.65 32.13
4857.14 -21.88 262.11 14.00 47.60 -53.04 28.69
4928.57 -18.54 258.18 16.08 39.52 -58.56 26.95
5000.00 -15.49 253.51 17.79 40.11 -69.84 25.11
5071.43 -12.64 248.11 19.09 32.20 -81.43 17.93
5142.86 -9.85 242.11 19.91 36.44 -94.91 9.58
5214.29 -7.41 235.55 19.96 29.86 -94.68 -2.32
5285.71 -5.13 228.93 18.96 32.38 -95.34 -19.53
5357.14 -2.72 222.39 17.43 32.70 -90.73 -17.36
5428.57 -0.19 215.53 15.88 40.03 -101.73 -19.81
5500.00 2.32 207.90 14.41 35.77 -113.94 -23.36
5571.43 4.72 199.28 13.12 31.96 -132.07 -17.59
5642.86 6.73 189.10 11.69 25.03 -150.38 -22.35
5714.29 7.98 177.41 9.81 10.37 -173.66 -33.79
5785.71 8.14 163.17 6.92 -13.35 -221.16 -51.24
5857.14 4.22 144.62 1.56 -156.65 -230.57 -80.34
5928.57 -4.43 135.21 -0.78 -74.98 -76.49 -6.90
6000.00 -6.94 132.12 -0.14 2.81 -23.16 22.42
6071.43 -5.02 131.69 2.05 51.61 12.18 36.46
6142.86 0.17 133.57 5.15 91.32 44.15 48.96
6214.29 13.89 139.18 11.81 141.98 102.22 86.18
6285.71 21.77 144.43 19.31 43.89 -27.43 32.42
6357.14 22.97 139.94 18.60 51.67 -33.13 42.09
6428.57 25.46 137.90 19.84 53.77 -28.41 39.24
6500.00 28.52 136.61 21.99 55.19 -21.61 37.32
6571.43 31.59 135.05 24.01 52.48 -26.57 28.78
6642.86 34.79 133.24 26.80 52.82 -25.19 39.24
6714.29 37.55 131.61 29.57 48.26 -28.72 34.04
6785.71 40.28 129.51 32.34 44.95 -34.06 36.44
6857.14 43.09 127.20 34.51 40.50 -32.98 27.31
6928.57 45.85 124.73 36.44 41.27 -32.00 26.69
7000.00 48.60 122.36 38.51 38.82 -28.38 24.82
7071.43 51.00 120.01 40.31 39.95 -22.01 25.80
7142.86 53.19 118.04 41.94 37.99 -20.29 21.44
7214.29 57.67 115.68 43.76 39.73 -23.07 22.02
7285.71 60.28 114.02 45.35 37.69 -24.62 22.97
7357.14 62.79 112.07 47.03 32.88 -25.37 25.56
7428.57 65.25 110.38 48.92 33.53 -28.23 27.67
7500.00 67.53 108.65 50.73 30.76 -25.23 23.01
7571.43 69.58 106.59 52.53 27.80 -26.08 22.75
7642.86 71.50 104.59 54.10 28.75 -24.94 23.65
7714.29 73.66 102.95 55.84 27.69 -21.92 21.81
7785.71 75.39 101.25 57.13 27.13 -19.14 17.78
7857.14 77.24 100.24 58.19 28.62 -13.84 15.95
7928.57 79.47 99.19 59.30 33.72 -17.56 16.76
8000.00 81.75 97.90 60.60 33.34 -14.41 19.21
8071.43 84.30 96.97 62.22 36.75 -16.67 25.25
8142.86 86.81 96.00 63.65 36.70 -16.39 24.66
8214.29 89.55 94.64 65.77 38.36 -17.56 28.77
8285.71 92.54 93.44 68.23 41.61 -16.20 35.73
8357.14 95.11 92.29 70.42 38.64 -21.63 38.13
8428.57 98.03 90.60 73.02 36.27 -21.40 31.16
8500.00 100.45 89.10 75.07 36.19 -22.94 33.84
8571.43 103.05 87.31 77.27 35.90 -24.26 27.35
8642.86 105.45 85.65 79.17 34.79 -22.66 25.98
8714.29 108.07 83.72 81.02 33.23 -25.82 20.46
8785.71 110.13 81.87 82.60 27.75 -27.21 18.65
8857.14 112.28 79.91 84.12 34.21 -26.44 22.79
8928.57 114.64 77.94 85.77 30.80 -25.65 22.70
9000.00 116.98 76.18 87.34 28.82 -28.23 20.95
9071.43 118.20 73.40 88.69 27.10 -24.19 18.73
9142.86 121.17 72.42 90.18 29.11 -28.40 21.80
9214.29 122.52 69.92 91.54 27.28 -24.87 19.20
9285.71 125.18 68.65 92.96 30.12 -23.50 19.46
9357.14 127.30 66.84 94.27 30.04 -24.84 18.44
9428.57 129.33 64.88 95.61 27.26 -24.90 21.04
9500.00 131.36 63.30 97.39 27.38 -21.24 23.40
9571.43 132.83 61.23 98.79 27.55 -18.88 24.96
9642.86 135.28 60.77 100.80 28.51 -11.71 24.05
9714.29 137.20 59.55 102.53 29.62 -15.77 22.83
9785.71 139.26 58.56 104.38 33.12 -14.07 24.90
9857.14 142.15 57.43 106.50 31.48 -14.73 25.19
9928.57 144.17 55.95 108.05 36.24 -17.53 28.63
10000.00 146.79 54.43 110.11 35.95 -17.72 30.94
10071.40 149.66 53.37 112.77 35.21 -19.73 31.83
10142.90 151.84 51.28 114.53 31.86 -19.34 32.80
10214.30 154.05 49.98 116.91 31.36 -20.71 30.67
10285.70 156.39 49.02 119.60 28.96 -19.51 29.23
10357.10 158.52 47.49 121.61 28.55 -18.51 27.17
10428.60 160.52 45.91 123.23 30.83 -21.61 23.22
10500.00 163.58 44.25 125.18 29.47 -23.40 17.06
10571.40 165.86 42.25 126.84 29.63 -28.17 15.49
10642.90 167.03 40.42 127.20 31.09 -27.35 16.92
10714.30 170.20 38.05 129.48 27.92 -25.42 16.87
10785.70 172.12 36.08 130.85 27.67 -22.42 21.02
10857.10 173.10 35.34 131.18 26.04 -22.41 21.80
10928.60 175.15 33.85 133.03 31.56 -18.96 25.25
11000.00 177.52 32.54 135.03 32.11 -19.21 27.88
11071.40 179.82 31.27 137.23 33.07 -21.24 28.97
11142.90 181.97 29.61 139.01 32.18 -21.33 28.68
11214.30 184.15 27.84 140.94 32.42 -22.07 28.39
11285.70 186.60 26.33 143.44 33.66 -18.34 26.30
11357.10 188.70 24.94 145.34 28.83 -19.69 24.88
11428.60 190.74 23.63 146.60 32.82 -18.88 26.60
