#time  x  y  z  vx  vy  vz
0.00 -377.77 611.47 -284.60 73.45 -73.74 45.62
71.43 -372.42 606.23 -281.09 69.98 -77.29 47.18
142.86 -367.22 600.88 -277.49 72.71 -74.59 48.07
214.29 -360.96 594.79 -273.71 78.93 -85.82 49.97
285.71 -356.48 589.85 -270.41 72.18 -79.70 47.41
357.14 -351.28 584.14 -266.96 69.97 -80.37 49.58
428.57 -346.16 578.31 -263.62 72.79 -83.72 48.22
500.00 -341.66 572.60 -260.52 71.85 -90.14 43.82
571.43 -336.53 566.22 -256.78 64.18 -82.03 50.13
642.86 -331.96 560.22 -253.51 60.66 -85.81 46.67
714.29 -327.76 554.33 -250.35 59.26 -82.13 42.09
785.71 -323.83 548.53 -247.26 49.09 -76.86 45.13
857.14 -320.26 543.01 -244.39 52.21 -77.45 37.49
928.57 -316.79 537.69 -241.54 45.80 -71.21 41.99
1000.00 -314.21 532.80 -238.25 44.13 -69.91 44.09
1071.43 -310.34 527.69 -235.12 39.53 -67.33 49.57
1142.86 -307.19 523.02 -231.55 45.86 -63.36 52.26
1214.29 -304.28 518.56 -227.63 48.81 -61.16 55.04
1285.71 -300.39 514.02 -223.91 50.31 -55.89 57.66
1357.14 -296.83 509.68 -219.79 51.11 -61.41 55.50
1428.57 -292.96 505.27 -215.52 53.05 -58.05 64.87
1500.00 -288.93 500.85 -211.06 61.85 -60.89 59.14
1571.43 -284.72 496.35 -206.50 59.77 -61.55 61.56
1642.86 -280.22 491.72 -201.83 61.46 -67.77 63.16
1714.29 -275.57 487.01 -197.07 72.80 -69.03 66.89
1785.71 -270.59 482.12 -192.13 71.70 -69.84 66.79
1857.14 -265.43 477.27 -187.32 72.73 -65.64 69.72
1928.57 -260.03 472.15 -182.15 78.12 -69.26 73.16
2000.00 -254.42 467.03 -177.26 75.38 -72.07 70.54
2071.43 -248.72 461.65 -172.15 78.11 -76.77 73.63
2142.86 -242.65 456.01 -167.02 86.18 -81.88 74.08
2214.29 -236.33 450.15 -161.76 90.19 -84.49 71.62
2285.71 -230.09 444.39 -156.66 85.25 -83.37 68.80
2357.14 -224.00 438.14 -151.06 88.19 -87.29 70.37
2428.57 -217.60 431.70 -145.70 91.42 -88.93 71.86
2500.00 -211.17 425.09 -140.46 87.42 -93.41 76.97
2571.43 -204.66 418.26 -135.17 91.26 -97.80 75.73
2642.86 -198.11 411.24 -129.78 88.17 -101.35 76.99
2714.29 -191.41 404.20 -124.48 99.13 -103.10 76.06
2785.71 -184.53 396.96 -119.11 95.32 -100.07 76.75
2857.14 -177.80 389.60 -113.57 94.05 -104.03 79.17
2928.57 -170.88 382.00 -107.94 103.40 -109.22 78.36
3000.00 -163.83 374.14 -102.28 102.00 -107.07 79.74
3071.43 -156.72 365.92 -96.37 99.93 -116.26 85.51
3142.86 -149.33 357.47 -90.38 103.15 -121.34 89.42
3214.29 -142.03 348.79 -84.31 103.69 -124.98 84.60
3285.71 -134.46 339.75 -78.22 108.40 -132.41 85.31
3357.14 -127.55 330.78 -71.81 109.66 -137.91 89.62
3428.57 -118.78 320.12 -65.39 110.76 -141.19 89.93
3500.00 -110.56 309.51 -59.23 118.23 -153.57 86.52
3571.43 -102.06 297.83 -52.99 121.00 -166.69 85.36
3642.86 -93.47 285.37 -46.92 123.60 -182.55 81.20
3714.29 -84.41 271.68 -41.13 125.31 -201.18 79.56
3785.71 -75.74 256.19 -34.92 128.44 -227.27 70.05
3857.14 -66.47 239.15 -30.99 118.82 -261.67 55.89
3928.57 -58.44 219.15 -28.24 95.89 -300.34 17.70
4000.00 -53.56 197.83 -29.50 41.85 -286.97 -58.25
4071.43 -51.60 179.82 -35.19 11.45 -231.83 -69.34
4142.86 -50.68 165.34 -39.97 10.66 -191.03 -57.13
4214.29 -49.46 153.34 -43.62 18.83 -164.34 -40.75
4285.71 -48.08 142.94 -46.06 21.88 -137.65 -22.50
4357.14 -46.69 133.95 -47.23 17.01 -114.80 -16.92
4428.57 -45.55 126.32 -47.89 15.43 -100.00 -5.48
4500.00 -44.46 119.92 -48.20 20.82 -82.01 2.05
4571.43 -43.26 114.45 -48.19 14.47 -64.56 2.95
4642.86 -41.89 108.94 -46.72 13.94 -54.26 7.69
4714.29 -40.77 105.47 -45.96 11.23 -43.10 11.67
4785.71 -39.78 102.89 -45.08 11.67 -30.25 14.51
4857.14 -38.68 100.99 -43.94 17.19 -21.40 16.20
4928.57 -37.54 99.91 -42.79 22.21 -11.46 20.97
5000.00 -36.14 99.47 -41.60 16.85 3.09 16.69
5071.43 -34.73 99.49 -40.00 22.08 3.39 24.25
5142.86 -33.12 100.17 -38.25 19.47 13.06 22.20
5214.29 -31.28 101.39 -36.21 26.78 21.50 36.32
5285.71 -29.41 103.10 -33.76 27.75 27.91 35.48
5357.14 -27.22 105.52 -31.11 30.37 35.31 38.59
5428.57 -24.99 108.52 -28.00 34.27 52.80 48.03
5500.00 -22.45 112.28 -24.63 36.02 53.23 50.98
5571.43 -19.75 116.90 -20.73 36.19 69.66 56.18
5642.86 -16.60 122.55 -16.35 48.01 90.19 67.61
5714.29 -13.01 129.65 -11.34 57.16 111.84 80.96
5785.71 -8.30 138.71 -5.09 79.25 147.61 97.91
5857.14 -0.52 150.71 3.24 171.14 156.34 120.27
5928.57 10.50 156.78 9.18 121.93 42.25 54.75
6000.00 17.62 157.90 12.18 72.32 -5.63 32.02
6071.43 21.85 156.39 13.98 39.72 -34.59 23.85
6142.86 23.81 152.80 15.35 19.01 -60.54 15.65
6214.29 24.17 147.13 16.03 -14.10 -104.83 -4.28
6285.71 24.74 141.27 15.97 39.81 -29.36 28.28
6357.14 27.44 139.78 17.98 32.95 -18.29 22.08
6428.57 29.54 138.31 20.05 26.91 -27.40 26.11
6500.00 28.52 136.54 21.88 24.33 -25.72 28.64
6571.43 32.84 134.26 24.29 24.24 -23.80 34.89
6642.86 34.60 132.73 26.94 31.47 -21.74 34.36
6714.29 37.11 131.14 29.79 34.57 -22.28 36.77
6785.71 40.40 129.19 32.18 36.86 -26.72 27.77
6857.14 43.39 127.02 34.24 35.37 -25.88 32.76
6928.57 44.60 125.50 36.37 35.34 -29.85 30.70
7000.00 47.02 123.26 38.29 37.26 -33.43 29.24
7071.43 49.37 120.70 40.14 35.35 -32.62 21.66
7142.86 52.07 118.26 41.99 33.67 -32.24 24.44
7214.29 54.49 116.19 43.63 35.16 -29.51 21.48
7285.71 56.97 114.18 45.27 34.45 -27.00 21.17
7357.14 59.61 112.34 46.91 36.87 -23.82 21.94
7428.57 62.11 110.67 48.49 33.96 -21.63 23.18
7500.00 64.86 109.02 50.05 38.67 -22.40 21.93
7571.43 67.46 107.51 51.56 37.94 -22.00 21.53
7642.86 70.14 106.13 53.20 35.29 -19.96 20.20
7714.29 72.69 104.51 54.68 35.34 -22.12 19.07
7785.71 75.41 103.26 56.01 38.82 -18.74 20.50
7857.14 78.07 101.99 57.49 36.44 -19.39 21.00
7928.57 80.68 100.44 59.03 35.58 -18.91 20.44
8000.00 83.34 99.14 60.69 35.75 -17.35 23.63
8071.43 85.88 97.81 62.47 32.68 -20.30 27.42
8142.86 88.07 96.59 64.28 31.92 -15.54 26.12
8214.29 90.45 95.42 66.09 32.02 -17.24 24.73
8285.71 92.71 94.13 68.16 30.71 -20.58 26.25
8357.14 95.02 92.67 70.31 32.56 -20.33 29.21
8428.57 97.38 91.17 72.27 34.63 -23.35 30.04
8500.00 99.80 89.38 74.30 33.27 -25.69 28.31
8571.43 102.49 87.42 76.40 35.87 -29.10 28.73
8642.86 105.04 85.38 78.16 36.43 -30.11 23.91
8714.29 107.53 83.17 79.98 32.87 -32.22 27.00
8785.71 109.75 81.31 81.94 32.24 -27.69 23.19
8857.14 112.20 79.29 83.65 30.17 -28.48 22.34
8928.57 114.26 77.32 85.28 32.49 -28.20 22.62
9000.00 116.45 75.36 87.06 31.04 -27.03 25.31
9071.43 118.49 73.34 88.58 28.78 -28.28 23.05
9142.86 120.55 71.40 90.33 26.67 -29.21 23.36
9214.29 122.52 69.39 91.91 26.39 -26.05 20.17
9285.71 124.43 67.27 93.26 27.92 -30.20 20.01
9357.14 126.45 65.45 94.67 29.82 -27.94 21.24
9428.57 128.45 63.67 96.07 26.14 -23.23 19.81
9500.00 130.36 62.19 97.39 26.07 -24.82 18.79
9571.43 132.28 60.76 98.87 26.20 -16.50 20.69
9642.86 134.42 59.77 100.38 32.34 -15.60 23.64
9714.29 136.66 58.72 102.18 32.71 -14.45 25.28
9785.71 139.05 57.82 104.13 34.60 -11.06 28.15
9857.14 141.66 56.96 106.26 33.99 -12.78 28.53
9928.57 144.03 55.79 108.24 32.68 -14.78 33.73
10000.00 146.47 54.78 110.56 34.84 -14.91 30.85
10071.40 148.97 53.49 112.68 30.78 -18.95 28.70
10142.90 151.46 52.21 114.81 32.71 -19.66 30.59
10214.30 154.09 50.92 116.81 34.27 -20.75 27.02
10285.70 156.72 49.38 118.96 38.62 -21.41 31.59
10357.10 159.51 47.75 121.22 38.75 -23.13 30.71
10428.60 162.14 46.03 123.13 38.88 -27.27 29.00
10500.00 164.80 44.04 125.53 34.37 -28.85 27.35
10571.40 167.00 41.99 127.56 32.80 -27.65 26.56
10642.90 169.30 40.02 129.30 28.07 -30.11 25.19
10714.30 171.18 38.08 130.85 28.83 -27.39 19.97
10785.70 173.14 36.36 132.22 24.09 -24.23 19.46
10857.10 174.72 34.55 133.60 22.19 -19.93 19.03
10928.60 176.31 32.95 134.84 21.26 -21.83 18.44
11000.00 178.07 31.56 136.16 27.05 -19.25 18.46
11071.40 179.95 30.29 137.65 25.43 -21.83 20.94
11142.90 181.80 28.86 139.15 27.58 -21.08 21.40
11214.30 183.93 27.44 140.69 30.66 -18.14 22.49
11285.70 186.17 26.22 142.41 31.18 -16.90 21.88
11357.10 188.46 25.05 144.10 31.35 -14.45 23.67
11428.60 190.85 23.61 145.87 34.05 -18.63 28.02
