Time	First	Second	Third	Fourth	Fifth	Sixth	Seventh
0.00 98011278.99 8538861.43 3233347.98 1709802.59 1015027.82 657004.48 455809.38
14.29 53460697.63 8745114.12 3407399.84 1783763.51 1023686.83 665622.59 476147.33
28.57 44550581.36 9570124.89 3568063.09 1781588.19 1076602.97 692490.83 477642.77
42.86 8910116.27 8167606.58 3086073.33 1633666.34 984240.25 639768.25 450126.72
57.14 62370813.91 7755101.20 3414094.14 1694575.34 1006368.82 661567.01 465978.35
71.43 98011278.99 8332608.74 3280208.09 1685874.05 1031383.72 678296.29 462688.39
85.71 80191046.45 8373859.27 3327068.21 1772886.90 1047739.62 684379.66 473156.45
100.00 35640465.09 8043854.97 3092767.63 1651068.91 1006368.82 659539.22 461192.95
114.29 98011278.99 9116368.96 3554674.49 1731555.80 1046777.51 691476.93 476745.50
128.57 106921395.27 7466347.43 3099461.93 1672822.12 1015989.93 664608.70 461492.04
142.86 62370813.91 8415109.81 3280208.09 1638016.98 1005406.71 681337.98 467174.70
157.14 53460697.63 7755101.20 3112850.54 1690224.69 1020800.49 682351.87 474053.72
171.43 26730348.82 8002604.43 3306985.30 1722854.51 1028497.39 670185.12 462389.30
185.71 80191046.45 8621362.50 3347151.12 1716328.55 1072754.52 680831.03 469567.40
200.00 80191046.45 7136343.13 3072684.72 1694575.34 1032345.83 673226.81 470464.67
214.29 106921395.27 8002604.43 3199876.47 1666296.16 990012.92 642809.94 454613.03
228.57 124741627.81 7796351.74 3206570.77 1679348.09 1037156.39 673733.76 467772.88
242.86 62370813.91 8085105.51 3300291.00 1640192.30 980391.80 642809.94 454014.85
257.14 53460697.63 7713850.66 3153016.35 1624965.05 980391.80 657004.48 454014.85
271.43 80191046.45 8992617.35 3240042.28 1677172.77 1031383.72 678803.24 474053.72
285.71 71280930.18 8002604.43 2992353.10 1633666.34 986164.47 648386.36 458800.25
300.00 62370813.91 7466347.43 3065990.42 1624965.05 1021762.60 663087.85 459996.60
314.29 53460697.63 7507597.97 3139627.75 1679348.09 1030421.61 667143.44 469567.40
328.57 80191046.45 8208857.12 3193182.17 1744607.73 1047739.62 680324.08 473455.54
342.86 71280930.18 8085105.51 3260125.19 1766360.94 1041004.84 683365.77 473455.54
357.14 71280930.18 8126356.04 3099461.93 1648893.59 1012141.49 676268.50 471062.84
371.43 17820232.54 7177593.66 3253430.89 1677172.77 1005406.71 677789.34 470165.58
385.71 98011278.99 7796351.74 3126239.14 1714153.23 1038118.50 677789.34 468071.97
400.00 80191046.45 9446373.27 3568063.09 1790289.48 1064095.52 711247.90 489905.36
414.29 44550581.36 9157619.50 3467648.56 1770711.58 1047739.62 686407.46 469567.40
428.57 71280930.18 8085105.51 3166404.96 1609737.80 985202.36 671705.97 474053.72
442.86 53460697.63 7507597.97 3132933.45 1718503.87 1046777.51 683872.72 479138.21
457.14 44550581.36 9363872.19 3655089.02 1792464.80 1066019.74 696039.47 483325.43
471.43 62370813.91 7136343.13 3414094.14 1772886.90 1045815.40 699081.15 481829.99
485.71 89101162.72 8703863.58 3534591.58 1844672.51 1084299.86 695025.57 490204.44
500.00 71280930.18 8043854.97 3153016.35 1698925.98 1060247.07 688942.19 484521.78
514.29 53460697.63 6352582.90 3240042.28 1762010.30 1053512.29 701615.89 480334.56
528.57 44550581.36 8580111.97 3460954.25 1701101.30 1030421.61 678803.24 476446.42
542.86 115831511.54 9075118.43 3695254.83 1881652.97 1127594.89 737102.25 502766.12
557.14 62370813.91 7631349.59 3280208.09 1679348.09 1064095.52 708713.16 483325.43
571.43 71280930.18 8291358.20 3300291.00 1792464.80 1082375.64 704657.58 488409.92
585.71 71280930.18 9033867.89 3635006.11 1872951.69 1128557.00 728484.13 499177.07
600.00 53460697.63 8910116.27 3447565.65 1822919.30 1081413.53 716317.38 494989.84
614.29 71280930.18 9033867.89 3340456.81 1835971.22 1084299.86 707699.27 488709.01
628.57 106921395.27 8992617.35 3400705.53 1788114.15 1060247.07 702629.79 486914.48
642.86 80191046.45 9075118.43 3608228.90 1862075.08 1105466.32 708713.16 493195.32
657.14 106921395.27 9446373.27 3380622.63 1809867.37 1117011.66 706178.42 486017.22
671.43 98011278.99 8415109.81 3286902.40 1764185.62 1065057.63 702122.84 492298.06
685.71 44550581.36 8827615.20 3668477.62 1796815.44 1096807.32 711247.90 491998.97
700.00 44550581.36 8662613.04 3360539.72 1779412.87 1076602.97 706178.42 484521.78
714.29 89101162.72 7260094.74 3226653.68 1790289.48 1072754.52 700095.05 486615.39
728.57 53460697.63 8250107.66 3407399.84 1781588.19 1067943.97 691983.88 483923.61
742.86 80191046.45 8786364.66 3460954.25 1877302.33 1126632.78 721386.86 493494.41
757.14 62370813.91 7218844.20 3206570.77 1655419.55 1016952.05 685393.56 471960.10
771.43 80191046.45 7713850.66 3300291.00 1677172.77 1030421.61 681337.98 483325.43
785.71 53460697.63 8085105.51 3360539.72 1807692.05 1089110.42 720879.91 505756.99
800.00 80191046.45 9075118.43 3347151.12 1738081.76 1082375.64 719866.02 504261.56
814.29 17820232.54 9033867.89 3347151.12 1790289.48 1066019.74 696546.41 488409.92
828.57 106921395.27 8332608.74 3199876.47 1720679.19 1085261.98 721386.86 501569.77
842.86 89101162.72 8043854.97 3266819.49 1716328.55 1064095.52 696546.41 485119.96
857.14 89101162.72 8250107.66 3173099.26 1670646.80 1021762.60 678296.29 477044.59
871.43 53460697.63 8415109.81 3521202.97 1764185.62 1101617.87 722400.76 509645.13
885.71 71280930.18 8415109.81 3213265.07 1729380.48 1054474.40 698574.20 495588.02
900.00 71280930.18 8167606.58 3360539.72 1792464.80 1055436.51 693504.73 482129.08
914.29 106921395.27 8250107.66 3534591.58 1803341.40 1074678.75 721893.81 499177.07
928.57 106921395.27 8332608.74 3253430.89 1709802.59 1040042.73 699081.15 482428.17
942.86 62370813.91 8208857.12 3266819.49 1705451.94 1029459.50 684886.61 477343.68
957.14 98011278.99 8621362.50 3327068.21 1788114.15 1065057.63 714796.54 492896.23
971.43 71280930.18 8373859.27 3353845.42 1788114.15 1086224.09 733553.61 506953.34
985.71 89101162.72 6847589.36 3119544.84 1740257.08 1054474.40 691983.88 485718.13
1000.00 80191046.45 8580111.97 3581451.69 1825094.62 1079489.31 711247.90 497083.46
1014.29 89101162.72 8208857.12 3353845.42 1781588.19 1088148.31 712768.75 494989.84
1028.57 115831511.54 8910116.27 3614923.21 1803341.40 1100655.76 718852.12 502167.94
1042.86 80191046.45 8085105.51 3467648.56 1796815.44 1094883.09 732032.77 506953.34
1057.14 98011278.99 8538861.43 3394011.23 1772886.90 1065057.63 712768.75 495588.02
1071.43 71280930.18 7095092.59 3186487.86 1683698.73 1007330.93 679310.18 473754.63
1085.71 80191046.45 8208857.12 3360539.72 1716328.55 1033307.94 696546.41 487512.66
1100.00 26730348.82 7053842.05 3146322.05 1681523.41 1011179.38 678803.24 467772.88
1114.29 80191046.45 7466347.43 3139627.75 1735906.44 1042929.06 701615.89 486316.31
1128.57 115831511.54 8373859.27 3373928.33 1751133.69 1079489.31 727977.18 501270.68
1142.86 89101162.72 8250107.66 3394011.23 1783763.51 1059284.96 704150.63 490503.53
1157.14 89101162.72 8662613.04 3206570.77 1725029.83 1017914.16 677282.39 473754.63
1171.43 44550581.36 8415109.81 3327068.21 1683698.73 1024648.94 673733.76 469268.32
1185.71 26730348.82 6765088.28 2952187.28 1622789.73 985202.36 653962.79 454912.12
1200.00 53460697.63 7672600.12 3112850.54 1642367.62 973657.02 660046.16 460594.78
1214.29 62370813.91 8085105.51 3052601.82 1624965.05 977505.47 644837.73 443845.88
1228.57 106921395.27 8868865.73 3333762.51 1635841.66 975581.24 638754.35 444144.97
1242.86 44550581.36 8745114.12 3333762.51 1698925.98 1030421.61 672212.91 457902.99
1257.14 62370813.91 7425096.89 3019130.31 1531426.23 933248.33 618983.38 436368.69
1271.43 80191046.45 7961353.89 3032518.91 1653244.23 976543.36 654469.74 445939.49
1285.71 89101162.72 7342595.82 2978964.49 1605387.16 968846.46 637740.46 441453.18
1300.00 89101162.72 7218844.20 3032518.91 1585809.27 929399.88 614420.85 426498.80
1314.29 89101162.72 8745114.12 3240042.28 1627140.37 981353.91 643316.88 443845.88
1328.57 80191046.45 6971340.97 2945492.98 1598861.20 961149.57 633684.87 432779.64
1342.86 71280930.18 7218844.20 3099461.93 1638016.98 946717.89 624559.81 431284.20
1357.14 71280930.18 7383846.36 3032518.91 1607562.48 971732.80 624052.86 433975.99
1371.43 62370813.91 7177593.66 3005741.70 1557530.09 936134.67 614420.85 425302.45
1385.71 71280930.18 7383846.36 3019130.31 1509673.02 875521.63 575892.81 405263.59
1400.00 71280930.18 6270081.82 2657637.99 1431361.45 880332.19 584003.98 399880.01
1414.29 89101162.72 7012591.51 2851772.75 1529250.91 896688.09 592622.09 407656.29
1428.57 89101162.72 6723837.74 2804912.64 1455289.99 903422.87 607830.53 413338.95
1442.86 80191046.45 7755101.20 2999047.40 1500971.74 891877.53 580455.34 396590.05
1457.14 89101162.72 7837602.28 2932104.38 1472692.56 890915.42 581469.24 399281.84
1471.43 44550581.36 7177593.66 2952187.28 1474867.88 867824.74 557135.74 378644.80
1485.71 80191046.45 7631349.59 2764746.82 1429186.13 852430.95 552573.21 382832.02
1500.00 35640465.09 7507597.97 2845078.45 1503147.06 869748.96 559163.53 390608.30
1514.29 115831511.54 8167606.58 3072684.72 1524900.27 890915.42 576906.71 393599.17
1528.57 98011278.99 7425096.89 2851772.75 1487919.81 864938.40 563726.06 394496.44
1542.86 44550581.36 7177593.66 2818301.24 1392205.67 834150.83 540406.46 374756.66
1557.14 115831511.54 7177593.66 2818301.24 1381329.06 828378.16 542941.20 380439.32
1571.43 62370813.91 7548848.51 2992353.10 1524900.27 893801.75 556121.85 384028.37
1585.71 62370813.91 7218844.20 2617472.17 1281264.28 791817.91 517593.80 361596.81
1600.00 106921395.27 8580111.97 2972270.19 1457465.31 867824.74 555107.95 383430.20
1614.29 71280930.18 7260094.74 2925410.08 1450939.34 855317.28 555614.90 378345.71
1628.57 53460697.63 8208857.12 2831689.84 1418309.52 803363.25 519114.65 360101.37
1642.86 89101162.72 7672600.12 2918715.77 1411783.56 825491.82 530267.50 360699.55
1657.14 35640465.09 8291358.20 3112850.54 1524900.27 881294.30 557135.74 385224.72
1671.43 80191046.45 6888839.90 2724581.01 1442238.06 829340.27 530267.50 363989.51
1685.71 89101162.72 6600086.13 2811606.94 1494445.77 845696.17 532802.24 364587.69
1700.00 80191046.45 7507597.97 2731275.31 1416134.20 823567.60 521142.44 353521.45
1714.29 80191046.45 8167606.58 2925410.08 1429186.13 824529.71 531788.35 354717.80
1728.57 106921395.27 7136343.13 2684415.20 1390030.35 807211.70 508975.69 343950.65
1742.86 89101162.72 6228831.28 2617472.17 1381329.06 809135.92 522663.28 359503.20
1757.14 53460697.63 7301345.28 2691109.50 1400906.95 830302.38 533816.14 353820.53
1771.43 44550581.36 7383846.36 2938798.68 1468341.91 837999.27 526211.92 360998.64
1785.71 44550581.36 7260094.74 2778135.43 1403082.27 816832.82 523170.23 360101.37
1800.00 80191046.45 7672600.12 2858467.05 1368277.13 780272.57 493260.31 332585.32
1814.29 124741627.81 7507597.97 2965575.89 1437887.42 796628.47 513031.27 343651.56
1828.57 62370813.91 7837602.28 2932104.38 1440062.74 832226.60 528746.66 355914.15
1842.86 124741627.81 7053842.05 2918715.77 1424835.49 810098.03 510496.53 334678.93
1857.14 98011278.99 8043854.97 2751358.22 1411783.56 786045.24 500864.52 340660.68
1871.43 80191046.45 7631349.59 2851772.75 1457465.31 828378.16 517086.86 351427.83
1885.71 62370813.91 7713850.66 2851772.75 1420484.85 790855.80 497315.89 340660.68
1900.00 71280930.18 7590099.05 2938798.68 1459640.63 820681.26 529760.55 351128.75
1914.29 62370813.91 7301345.28 2898632.87 1468341.91 841847.72 540913.41 357110.50
1928.57 53460697.63 7672600.12 2731275.31 1381329.06 787969.47 498836.73 336473.46
1942.86 71280930.18 7136343.13 2717886.71 1353049.88 792780.02 503399.26 336473.46
1957.14 62370813.91 7466347.43 2557223.45 1344348.60 806249.59 499343.68 335875.28
1971.43 89101162.72 7961353.89 2744663.92 1372627.78 786045.24 493767.25 329893.53
1985.71 80191046.45 7342595.82 2590694.96 1316069.42 746598.66 470954.60 323612.70
2000.00 80191046.45 7755101.20 2771441.12 1398731.63 824529.71 518607.70 341258.86
2014.29 89101162.72 8497610.89 2818301.24 1403082.27 808173.81 506947.90 334678.93
2028.57 80191046.45 6682587.20 2517057.64 1326946.03 773537.79 493260.31 330192.62
2042.86 71280930.18 7631349.59 2985658.80 1448764.02 846658.28 525198.02 352923.27
2057.14 106921395.27 7466347.43 2932104.38 1398731.63 819719.15 514552.12 342754.30
2071.43 80191046.45 7507597.97 3005741.70 1411783.56 821643.38 517593.80 337370.72
2085.71 71280930.18 6971340.97 2697803.80 1361751.17 787969.47 494781.15 327201.75
2100.00 53460697.63 6930090.43 2724581.01 1394380.99 825491.82 517086.86 346343.35
2114.29 80191046.45 7177593.66 2758052.52 1355225.20 795666.36 494781.15 337669.81
2128.57 98011278.99 7672600.12 2885244.26 1483569.16 831264.49 521649.39 349932.40
2142.86 98011278.99 7672600.12 2697803.80 1411783.56 804325.36 486669.98 327500.83
2157.14 26730348.82 6888839.90 2771441.12 1368277.13 770651.46 488190.83 323014.52
2171.43 89101162.72 6847589.36 3025824.61 1503147.06 861089.95 525198.02 352026.01
2185.71 98011278.99 6476334.51 2563917.76 1337822.63 764878.79 476531.03 321818.17
2200.00 44550581.36 7342595.82 2784829.73 1357400.53 779310.46 483121.35 320023.65
2214.29 89101162.72 7837602.28 2764746.82 1359575.85 795666.36 494781.15 329893.53
2228.57 106921395.27 7713850.66 2858467.05 1461815.95 825491.82 508468.74 345147.00
2242.86 106921395.27 6600086.13 2758052.52 1379153.74 798552.69 485149.14 324809.05
2257.14 80191046.45 6723837.74 2644249.38 1392205.67 811060.15 499343.68 334379.85
2271.43 35640465.09 6105079.67 2818301.24 1407432.92 799514.81 492753.36 330491.71
2285.71 98011278.99 6888839.90 2557223.45 1359575.85 794704.25 502892.32 335277.11
2300.00 89101162.72 7755101.20 2891938.56 1442238.06 819719.15 506947.90 332585.32
2314.29 98011278.99 7631349.59 2925410.08 1368277.13 774499.90 480079.66 321220.00
2328.57 62370813.91 6105079.67 2664332.29 1348699.24 774499.90 483628.30 322715.43
2342.86 53460697.63 7095092.59 2831689.84 1383504.38 790855.80 484642.19 329295.36
2357.14 80191046.45 7466347.43 2999047.40 1477043.20 851468.84 520635.49 349932.40
2371.43 80191046.45 7053842.05 2624166.48 1333471.99 772575.68 478558.82 328099.01
2385.71 80191046.45 6971340.97 2517057.64 1287790.24 763916.67 488190.83 324509.96
2400.00 89101162.72 7425096.89 2885244.26 1422660.17 827416.05 505427.06 337968.90
2414.29 71280930.18 7507597.97 2704498.10 1350874.56 780272.57 481600.50 323911.78
2428.57 62370813.91 7590099.05 2691109.50 1326946.03 761030.34 475517.13 317930.03
2442.86 89101162.72 7301345.28 2771441.12 1370452.45 765840.90 485656.09 326304.48
2457.14 89101162.72 8002604.43 2597389.27 1281264.28 737939.66 464871.22 315537.33
2471.43 44550581.36 6971340.97 2617472.17 1381329.06 767765.12 480079.66 323014.52
2485.71 89101162.72 7631349.59 2871855.66 1446588.70 810098.03 502385.37 330491.71
2500.00 71280930.18 6146330.21 2496974.73 1339997.96 772575.68 494274.20 327799.92
2514.29 62370813.91 6558835.59 2664332.29 1374803.10 794704.25 501371.47 330192.62
2528.57 44550581.36 5981328.05 2423337.41 1311718.78 758144.00 477037.97 317032.77
2542.86 80191046.45 6641336.67 2671026.59 1383504.38 787969.47 502385.37 329295.36
2557.14 89101162.72 7631349.59 2938798.68 1440062.74 830302.38 520128.54 343352.47
2571.43 106921395.27 7301345.28 2764746.82 1359575.85 784121.02 488697.77 326005.40
2585.71 62370813.91 7095092.59 2684415.20 1379153.74 781234.68 498329.78 330491.71
2600.00 80191046.45 6971340.97 2570612.06 1255160.42 729280.65 463350.38 312845.54
2614.29 106921395.27 7548848.51 2898632.87 1398731.63 812022.26 501878.42 332884.41
2628.57 80191046.45 7260094.74 2737969.61 1387855.02 776424.13 488190.83 322416.35
2642.86 71280930.18 6517585.05 2664332.29 1289965.56 779310.46 488697.77 325706.31
2657.14 124741627.81 8167606.58 2778135.43 1403082.27 804325.36 499850.63 336174.37
2671.43 89101162.72 7878852.81 2778135.43 1363926.49 795666.36 495288.10 334080.76
2685.71 62370813.91 6806338.82 2691109.50 1420484.85 812022.26 512524.33 340959.77
2700.00 17820232.54 7095092.59 2671026.59 1396556.31 791817.91 490218.62 327500.83
2714.29 89101162.72 7260094.74 2838384.15 1385679.70 793742.14 493260.31 325407.22
2728.57 53460697.63 6971340.97 2637555.08 1370452.45 787007.35 499343.68 330491.71
2742.86 44550581.36 6847589.36 2878549.96 1357400.53 779310.46 501371.47 332585.32
2757.14 115831511.54 8002604.43 2978964.49 1463991.27 838961.39 527732.76 351128.75
2771.43 71280930.18 6971340.97 2751358.22 1376978.42 787007.35 484135.24 324809.05
2785.71 62370813.91 6888839.90 2570612.06 1337822.63 757181.89 472982.39 314939.16
2800.00 106921395.27 7053842.05 2744663.92 1348699.24 807211.70 501371.47 330192.62
2814.29 142561860.36 6393833.44 2697803.80 1361751.17 787007.35 487176.93 326902.66
2828.57 115831511.54 8002604.43 3005741.70 1520549.63 847620.39 525198.02 349035.13
2842.86 80191046.45 6765088.28 2604083.57 1344348.60 774499.90 497315.89 326902.66
2857.14 53460697.63 6806338.82 2724581.01 1398731.63 790855.80 496301.99 333183.50
2871.43 53460697.63 7260094.74 2764746.82 1370452.45 786045.24 495288.10 327799.92
2885.71 53460697.63 6600086.13 2496974.73 1272562.99 737939.66 478051.87 322416.35
2900.00 53460697.63 7053842.05 2798218.33 1383504.38 776424.13 481600.50 325706.31
2914.29 62370813.91 7095092.59 2811606.94 1424835.49 833188.72 515059.07 336473.46
2928.57 53460697.63 6105079.67 2577306.36 1276913.64 748522.89 469433.75 314340.98
2942.86 89101162.72 6600086.13 2671026.59 1313894.10 776424.13 478051.87 316733.68
2957.14 62370813.91 7878852.81 2965575.89 1459640.63 841847.72 525198.02 343352.47
2971.43 62370813.91 6723837.74 2617472.17 1329121.35 757181.89 475517.13 314939.16
2985.71 115831511.54 7012591.51 2737969.61 1300842.17 735053.32 464871.22 311649.19
3000.00 80191046.45 8126356.04 2932104.38 1461815.95 855317.28 522663.28 343651.56
3014.29 98011278.99 7755101.20 2858467.05 1394380.99 791817.91 491232.51 325706.31
3028.57 62370813.91 8250107.66 2972270.19 1479218.52 827416.05 513031.27 343352.47
3042.86 106921395.27 7301345.28 2898632.87 1394380.99 824529.71 513031.27 340959.77
3057.14 133651744.08 7590099.05 2938798.68 1463991.27 823567.60 509482.64 336772.55
3071.43 53460697.63 7425096.89 2918715.77 1472692.56 832226.60 515059.07 340062.51
3085.71 71280930.18 6600086.13 2584000.66 1320420.06 753333.45 475517.13 322715.43
3100.00 89101162.72 7672600.12 2918715.77 1466166.59 837037.16 511510.43 338866.16
3114.29 53460697.63 8580111.97 2999047.40 1398731.63 784121.02 497822.84 329295.36
3128.57 44550581.36 7755101.20 2918715.77 1429186.13 815870.70 498329.78 327201.75
3142.86 62370813.91 7672600.12 2684415.20 1348699.24 781234.68 486669.98 322416.35
3157.14 71280930.18 7507597.97 2563917.76 1305192.81 739863.88 476024.08 319126.38
3171.43 133651744.08 7507597.97 2912021.47 1405257.60 807211.70 497822.84 327500.83
3185.71 62370813.91 6847589.36 2838384.15 1400906.95 823567.60 510496.53 340361.60
3200.00 62370813.91 7383846.36 2891938.56 1392205.67 786045.24 497315.89 331089.88
3214.29 53460697.63 6393833.44 2590694.96 1403082.27 810098.03 506440.95 334978.02
3228.57 106921395.27 7218844.20 2503669.04 1239933.17 735053.32 469433.75 314041.89
3242.86 89101162.72 6806338.82 2644249.38 1305192.81 770651.46 482614.40 321519.08
3257.14 53460697.63 7053842.05 2523751.94 1296491.53 752371.33 483628.30 325706.31
3271.43 89101162.72 7590099.05 2811606.94 1366101.81 796628.47 500864.52 337370.72
3285.71 98011278.99 7837602.28 2798218.33 1394380.99 790855.80 490725.57 325706.31
3300.00 98011278.99 7590099.05 2845078.45 1392205.67 805287.48 504920.11 332884.41
3314.29 106921395.27 7713850.66 2945492.98 1418309.52 784121.02 494274.20 328099.01
3328.57 26730348.82 7590099.05 2737969.61 1400906.95 791817.91 503399.26 328398.10
3342.86 142561860.36 7301345.28 2831689.84 1440062.74 803363.25 498836.73 330491.71
3357.14 89101162.72 7177593.66 2804912.64 1357400.53 774499.90 470447.65 322416.35
3371.43 106921395.27 6806338.82 2744663.92 1374803.10 773537.79 486669.98 321519.08
3385.71 62370813.91 7590099.05 3106156.24 1507497.70 845696.17 523170.23 349633.31
3400.00 80191046.45 6517585.05 2744663.92 1413958.88 826453.93 512524.33 338567.07
3414.29 35640465.09 7672600.12 2751358.22 1429186.13 812984.37 496808.94 325706.31
3428.57 71280930.18 7837602.28 2898632.87 1394380.99 793742.14 486669.98 321818.17
3442.86 35640465.09 7218844.20 2758052.52 1387855.02 801439.03 508468.74 335277.11
3457.14 71280930.18 7548848.51 2671026.59 1342173.28 798552.69 486669.98 321519.08
3471.43 98011278.99 6682587.20 2657637.99 1313894.10 769689.34 489204.72 324210.87
3485.71 89101162.72 8538861.43 2885244.26 1409608.24 803363.25 502892.32 334080.76
3500.00 17820232.54 7053842.05 2804912.64 1385679.70 792780.02 493767.25 326603.57
3514.29 62370813.91 7012591.51 2758052.52 1346523.92 784121.02 483121.35 313443.72
3528.57 115831511.54 7713850.66 2898632.87 1431361.45 833188.72 509989.59 337071.63
3542.86 124741627.81 7713850.66 2898632.87 1450939.34 840885.61 518100.75 340361.60
3557.14 80191046.45 6765088.28 2517057.64 1303017.49 761030.34 468419.86 310153.76
3571.43 62370813.91 8373859.27 2737969.61 1405257.60 817794.93 513031.27 339165.25
3585.71 89101162.72 7218844.20 2724581.01 1403082.27 797590.58 493260.31 323014.52
3600.00 89101162.72 6847589.36 2885244.26 1409608.24 804325.36 486669.98 324509.96
3614.29 124741627.81 7507597.97 3045907.52 1483569.16 851468.84 515566.01 338267.98
3628.57 98011278.99 7961353.89 2831689.84 1366101.81 788931.58 478558.82 317032.77
3642.86 53460697.63 7755101.20 2764746.82 1398731.63 793742.14 496301.99 328996.27
3657.14 62370813.91 7878852.81 2891938.56 1440062.74 814908.59 491739.46 326005.40
3671.43 53460697.63 6517585.05 2724581.01 1396556.31 781234.68 488190.83 320621.82
3685.71 98011278.99 8002604.43 2811606.94 1390030.35 806249.59 487176.93 317331.86
3700.00 26730348.82 6847589.36 2604083.57 1348699.24 763916.67 486163.04 323612.70
3714.29 98011278.99 6600086.13 2764746.82 1390030.35 799514.81 493767.25 324210.87
3728.57 71280930.18 7425096.89 2851772.75 1459640.63 834150.83 515566.01 331688.06
3742.86 98011278.99 7631349.59 2898632.87 1390030.35 796628.47 497822.84 328398.10
3757.14 124741627.81 7755101.20 2938798.68 1394380.99 788931.58 489711.67 322715.43
3771.43 44550581.36 7383846.36 2791524.03 1413958.88 797590.58 493260.31 326902.66
3785.71 62370813.91 8332608.74 2999047.40 1496621.09 842809.83 516579.91 337669.81
3800.00 89101162.72 7672600.12 2918715.77 1444413.38 812984.37 500864.52 334080.76
3814.29 89101162.72 8126356.04 3199876.47 1535776.88 843771.94 508975.69 332884.41
3828.57 71280930.18 7920103.35 2704498.10 1440062.74 798552.69 513031.27 333183.50
3842.86 71280930.18 6270081.82 2711192.40 1392205.67 792780.02 500357.58 324509.96
3857.14 44550581.36 8208857.12 2978964.49 1481393.84 855317.28 520635.49 346941.52
3871.43 124741627.81 6558835.59 2604083.57 1400906.95 805287.48 502385.37 327201.75
3885.71 53460697.63 7425096.89 2751358.22 1320420.06 757181.89 480079.66 320322.73
3900.00 98011278.99 8291358.20 2912021.47 1411783.56 816832.82 514045.17 335576.20
3914.29 106921395.27 6765088.28 2831689.84 1407432.92 822605.49 519114.65 339464.33
3928.57 62370813.91 6847589.36 2858467.05 1385679.70 808173.81 515059.07 340660.68
3942.86 106921395.27 7672600.12 3019130.31 1485744.49 840885.61 522663.28 339464.33
3957.14 80191046.45 7548848.51 3012436.00 1463991.27 817794.93 516072.96 335277.11
3971.43 89101162.72 7012591.51 2851772.75 1411783.56 816832.82 518100.75 347240.61
3985.71 71280930.18 7548848.51 2764746.82 1392205.67 811060.15 517593.80 341258.86
4000.00 133651744.08 7837602.28 2784829.73 1370452.45 803363.25 497822.84 322715.43
4014.29 98011278.99 8250107.66 2704498.10 1313894.10 764878.79 488190.83 326304.48
4028.57 80191046.45 7466347.43 2858467.05 1400906.95 839923.50 527225.81 344249.73
4042.86 89101162.72 7755101.20 3039213.21 1485744.49 835112.94 511003.48 337669.81
4057.14 98011278.99 7425096.89 2677720.89 1385679.70 784121.02 483628.30 324509.96
4071.43 106921395.27 7631349.59 2958881.59 1437887.42 784121.02 501371.47 332585.32
4085.71 44550581.36 7177593.66 2992353.10 1463991.27 813946.48 512524.33 337669.81
4100.00 89101162.72 7507597.97 2938798.68 1435712.09 825491.82 513031.27 341557.95
4114.29 89101162.72 7755101.20 2905327.17 1448764.02 827416.05 518607.70 340361.60
4128.57 98011278.99 7053842.05 2758052.52 1370452.45 764878.79 472475.44 311350.11
4142.86 53460697.63 7837602.28 3039213.21 1498796.41 838961.39 524184.13 345446.08
4157.14 71280930.18 6888839.90 2878549.96 1433536.77 857241.51 516579.91 339165.25
4171.43 106921395.27 7301345.28 2945492.98 1453114.67 813946.48 495288.10 324809.05
4185.71 80191046.45 7920103.35 2905327.17 1507497.70 840885.61 517086.86 334978.02
4200.00 71280930.18 8662613.04 3132933.45 1494445.77 845696.17 520635.49 344249.73
4214.29 53460697.63 6765088.28 2811606.94 1444413.38 844734.06 532295.29 352026.01
4228.57 80191046.45 6641336.67 2831689.84 1394380.99 812984.37 500864.52 329594.45
4242.86 115831511.54 6435083.97 2537140.55 1313894.10 763916.67 484135.24 326603.57
4257.14 80191046.45 6105079.67 2684415.20 1331296.67 761030.34 484642.19 318528.21
4271.43 169292209.17 6888839.90 2791524.03 1363926.49 782196.80 483628.30 323313.61
4285.71 71280930.18 6971340.97 2905327.17 1440062.74 830302.38 515059.07 342754.30
4300.00 80191046.45 6270081.82 2610777.87 1294316.21 748522.89 466899.01 308658.32
4314.29 89101162.72 7796351.74 2925410.08 1350874.56 782196.80 488697.77 326603.57
4328.57 62370813.91 5898826.98 2617472.17 1329121.35 763916.67 476531.03 319425.47
4342.86 71280930.18 6847589.36 2563917.76 1300842.17 762954.56 482107.45 323911.78
4357.14 62370813.91 6600086.13 2577306.36 1303017.49 749485.00 460308.69 308060.14
4371.43 44550581.36 5940077.51 2483586.13 1268212.35 733129.10 459294.80 308060.14
4385.71 133651744.08 6888839.90 2450114.62 1237757.85 719659.54 457773.95 303872.92
4400.00 133651744.08 7796351.74 2711192.40 1322595.38 764878.79 469940.70 314041.89
4414.29 115831511.54 6476334.51 2550529.15 1231231.89 719659.54 456253.11 313144.63
4428.57 89101162.72 7012591.51 2450114.62 1213829.32 701379.42 445100.26 301480.22
4442.86 80191046.45 7136343.13 2483586.13 1255160.42 725432.21 447128.05 297592.08
4457.14 151471976.63 6806338.82 2376477.29 1152920.32 685023.52 419752.86 285628.58
4471.43 62370813.91 6352582.90 2336311.48 1111589.21 664819.17 419752.86 284133.14
4485.71 98011278.99 6228831.28 2242591.25 1157270.96 673478.18 422287.60 286226.76
4500.00 80191046.45 6476334.51 2329617.18 1135517.75 629221.04 405558.32 273964.17
4514.29 71280930.18 6806338.82 2336311.48 1100712.61 652311.72 404037.48 266786.07
4528.57 71280930.18 6600086.13 2302839.97 1172498.21 667705.51 415697.28 277254.13
4542.86 71280930.18 6393833.44 2235896.95 1126816.46 640766.38 407586.11 274562.34
4557.14 26730348.82 5940077.51 2142176.71 1070258.11 613827.25 395926.31 262897.93
4571.43 71280930.18 6352582.90 2108705.20 1065907.46 598433.47 378690.08 265589.72
4585.71 115831511.54 6476334.51 2048456.48 1028927.00 560911.11 354863.53 241064.54
4600.00 80191046.45 6352582.90 2269368.46 1057206.18 606130.36 382745.66 262598.84
4614.29 89101162.72 6641336.67 2195731.13 1046329.57 581115.45 362974.70 247943.55
4628.57 89101162.72 6765088.28 2490280.43 1133342.43 630183.15 403530.53 270674.20
4642.86 62370813.91 6352582.90 2289451.36 1083310.04 588812.35 373113.65 252130.78
4657.14 106921395.27 6517585.05 2229202.64 1033277.64 565721.67 357398.27 246149.03
4671.43 89101162.72 6847589.36 2336311.48 1059381.50 557062.66 343710.68 231194.65
4685.71 62370813.91 6311332.36 2443420.32 1089836.00 578229.12 358412.16 235980.05
4700.00 53460697.63 7301345.28 2229202.64 1015875.07 560911.11 354863.53 241961.80
4714.29 62370813.91 6600086.13 2356394.39 1055030.86 603244.02 367537.23 245849.94
4728.57 71280930.18 6476334.51 2235896.95 1035452.97 554176.33 342696.78 232391.00
4742.86 115831511.54 6352582.90 2235896.95 963667.36 532047.76 336106.46 226409.25
4757.14 98011278.99 7012591.51 2215814.04 1000647.82 543593.10 337627.30 224016.55
4771.43 106921395.27 6558835.59 2255979.85 1035452.97 548403.66 339655.09 228502.86
4785.71 115831511.54 5651323.75 2142176.71 987595.90 545517.32 341175.94 232690.09
4800.00 142561860.36 6393833.44 2356394.39 1061556.82 554176.33 339655.09 220128.41
4814.29 80191046.45 6105079.67 2168953.92 978894.61 530123.54 326981.39 218632.98
4828.57 62370813.91 5981328.05 2061845.09 957141.40 523388.75 321911.92 217735.71
4842.86 98011278.99 5403820.52 2102010.90 1002823.14 543593.10 333571.72 217137.54
4857.14 89101162.72 7012591.51 2329617.18 1081134.71 567645.89 344217.62 225511.99
4871.43 53460697.63 5651323.75 2008290.67 959316.72 515691.86 318363.28 209361.26
4885.71 80191046.45 6022578.59 2162259.62 957141.40 522426.64 320391.07 208464.00
4900.00 89101162.72 6723837.74 2162259.62 985420.57 534934.09 319377.18 204276.78
4914.29 98011278.99 6971340.97 2282757.06 1031102.32 531085.65 319377.18 212651.23
4928.57 106921395.27 5816325.90 2189036.83 968018.00 534934.09 312279.91 203379.51
4942.86 71280930.18 6558835.59 2249285.55 1013699.75 548403.66 338641.20 224315.64
4957.14 53460697.63 6558835.59 2369782.99 1089836.00 564759.56 339655.09 223119.29
4971.43 62370813.91 6063829.13 2189036.83 952790.75 509919.19 307717.37 201884.08
4985.71 62370813.91 7012591.51 2329617.18 1046329.57 563797.44 336613.40 219829.33
5000.00 71280930.18 6311332.36 2316228.57 1039803.61 552252.10 332050.87 221324.76
5014.29 71280930.18 6187580.74 2122093.81 954966.08 514729.75 315828.54 203379.51
5028.57 89101162.72 6641336.67 2195731.13 1013699.75 537820.43 323939.71 214744.84
5042.86 53460697.63 4867563.52 1968124.86 961492.04 528199.31 317856.33 209660.35
5057.14 89101162.72 6311332.36 2202425.43 1015875.07 556100.55 326474.45 209660.35
5071.43 44550581.36 4826312.98 1934653.35 926686.90 507994.97 302140.95 199790.46
5085.71 53460697.63 5651323.75 2041762.18 959316.72 516653.97 306703.48 202781.34
5100.00 62370813.91 5568822.67 2142176.71 981069.93 517616.08 312279.91 209062.18
5114.29 35640465.09 6600086.13 2343005.78 1065907.46 578229.12 335092.56 215642.10
5128.57 53460697.63 5775075.36 2061845.09 959316.72 502222.30 302140.95 196799.59
5142.86 98011278.99 6641336.67 2316228.57 1035452.97 564759.56 336613.40 220427.50
5157.14 44550581.36 6146330.21 2175648.23 1002823.14 533009.87 318363.28 208464.00
5171.43 44550581.36 6971340.97 2376477.29 1094186.64 565721.67 336613.40 216838.45
5185.71 106921395.27 6641336.67 2242591.25 1046329.57 554176.33 326474.45 212651.23
5200.00 62370813.91 6847589.36 2269368.46 1083310.04 548403.66 321911.92 208464.00
5214.29 44550581.36 7177593.66 2282757.06 994121.86 526275.09 316842.44 211155.79
5228.57 89101162.72 6641336.67 2255979.85 996297.18 530123.54 315321.59 208164.91
5242.86 80191046.45 6930090.43 2329617.18 1028927.00 540706.76 331036.98 214744.84
5257.14 44550581.36 6600086.13 2443420.32 1087660.68 581115.45 354863.53 229101.04
5271.43 106921395.27 7425096.89 2403254.50 1089836.00 588812.35 349287.10 227904.69
5285.71 71280930.18 8250107.66 2510363.34 1115939.86 609978.81 361960.80 227306.51
5300.00 98011278.99 6517585.05 2356394.39 1098537.28 576304.90 345738.47 221324.76
5314.29 115831511.54 6105079.67 2202425.43 1074608.75 572456.45 342696.78 216240.28
5328.57 89101162.72 7878852.81 2717886.71 1226881.24 628258.93 371592.81 238671.84
5342.86 98011278.99 8126356.04 2563917.76 1170322.89 621524.15 365509.44 236877.31
5357.14 133651744.08 6600086.13 2309534.27 1070258.11 557062.66 335599.51 218932.06
5371.43 62370813.91 6765088.28 2436726.01 1076784.07 573418.56 337120.35 218632.98
5385.71 71280930.18 6723837.74 2537140.55 1118115.18 594585.02 358412.16 234484.61
5400.00 53460697.63 5733824.82 2202425.43 1076784.07 591698.68 353342.69 229998.30
5414.29 53460697.63 5898826.98 2255979.85 1002823.14 549365.77 331036.98 213847.58
5428.57 98011278.99 5403820.52 2122093.81 1018050.39 565721.67 342696.78 222222.03
5442.86 89101162.72 6435083.97 2061845.09 1000647.82 553214.22 336613.40 216838.45
5457.14 71280930.18 6517585.05 2041762.18 935388.18 514729.75 312279.91 206071.30
5471.43 17820232.54 4950064.60 1861016.02 878829.83 479131.62 298592.31 201884.08
5485.71 106921395.27 4537559.21 1633409.74 817920.83 449306.15 283890.82 188425.14
5500.00 44550581.36 5362569.98 1700352.77 839674.04 471434.72 298592.31 195005.06
5514.29 133651744.08 5898826.98 1981513.46 911459.65 495487.52 301127.05 203379.51
5528.57 62370813.91 4290055.98 1512912.30 804868.90 434874.48 275272.71 186032.44
5542.86 71280930.18 4743811.90 1680269.86 820096.15 456040.94 276793.55 186032.44
5557.14 44550581.36 4743811.90 1566466.72 752661.19 431026.03 261078.17 171377.15
5571.43 124741627.81 5445071.06 1640104.05 728732.65 432950.26 270203.23 183041.56
5585.71 53460697.63 5280068.90 1566466.72 748310.55 417556.47 255501.74 169283.54
5600.00 106921395.27 4702561.37 1432580.68 663473.01 398314.24 241814.15 165096.31
5614.29 124741627.81 4620060.29 1466052.19 728732.65 408897.46 254487.85 167489.01
5628.57 71280930.18 4661310.83 1492829.40 704804.12 385806.78 242828.04 163301.79
5642.86 124741627.81 5403820.52 1673575.56 763537.80 409859.58 254487.85 167489.01
5657.14 17820232.54 4578809.75 1445969.28 635193.84 357905.55 234716.88 158815.47
5671.43 106921395.27 5321319.44 1620021.14 709154.76 387731.01 240800.25 163600.87
5685.71 80191046.45 4578809.75 1358943.35 596038.05 339625.42 220522.34 149543.76
5700.00 53460697.63 5486321.59 1773990.09 759187.15 414670.13 261585.12 177059.81
5714.29 89101162.72 5156317.29 1593243.93 687401.55 368488.77 233196.03 157320.03
5728.57 35640465.09 4702561.37 1472746.49 652596.41 355981.32 219508.44 148646.50
5742.86 53460697.63 5197567.83 1439274.98 661297.69 355981.32 225084.87 149244.67
5757.14 98011278.99 4578809.75 1452663.58 624317.23 337701.20 213932.01 145057.45
5771.43 133651744.08 5898826.98 1599938.23 711330.08 375223.56 225591.82 147151.06
5785.71 62370813.91 5403820.52 1479440.79 619966.59 318458.97 197202.73 132495.77
5800.00 44550581.36 4908814.06 1539689.51 630843.19 330966.42 210383.38 137879.35
5814.29 35640465.09 4991315.13 1466052.19 611265.30 315572.63 193654.10 132196.68
5828.57 71280930.18 4496308.67 1405803.47 602564.02 324231.64 195174.94 131897.60
5842.86 98011278.99 5362569.98 1566466.72 639544.48 334814.86 199737.47 133692.12
5857.14 115831511.54 5073816.21 1626715.44 648245.76 343473.87 199737.47 129205.81
5871.43 115831511.54 5073816.21 1519606.61 606914.66 319421.08 192133.25 125317.67
5885.71 98011278.99 5527572.13 1586549.63 617791.26 323269.52 196188.84 128607.63
5900.00 44550581.36 5486321.59 1539689.51 637369.16 330004.31 190105.46 128009.46
5914.29 133651744.08 5445071.06 1606632.54 628667.87 319421.08 186556.83 122027.71
5928.57 35640465.09 4578809.75 1566466.72 619966.59 317496.85 187570.72 127411.28
5942.86 35640465.09 5115066.75 1506218.00 611265.30 306913.63 183515.14 116943.22
5957.14 124741627.81 5362569.98 1466052.19 611265.30 302103.07 182501.24 118438.66
5971.43 53460697.63 5280068.90 1640104.05 672174.30 343473.87 200751.37 129504.90
5985.71 115831511.54 4991315.13 1419192.07 582986.12 290557.73 173883.13 113055.08
6000.00 62370813.91 4496308.67 1318777.54 587336.77 304989.40 178445.66 114849.61
6014.29 62370813.91 4867563.52 1439274.98 619966.59 318458.97 186556.83 119934.10
6028.57 8910116.27 4785062.44 1546383.82 624317.23 308837.85 178445.66 116345.04
6042.86 89101162.72 5362569.98 1499523.70 617791.26 307875.74 176417.87 112157.82
6057.14 80191046.45 5403820.52 1539689.51 606914.66 304027.29 177431.76 113354.17
6071.43 106921395.27 5486321.59 1660186.95 650421.09 326155.86 188584.62 117840.48
6085.71 98011278.99 5280068.90 1466052.19 606914.66 299216.73 173376.18 112456.91
6100.00 71280930.18 5238818.36 1546383.82 624317.23 307875.74 177431.76 116045.96
6114.29 53460697.63 5568822.67 1753907.19 676524.94 346360.20 193654.10 121429.53
6128.57 62370813.91 4125053.83 1405803.47 593862.73 308837.85 172362.29 107970.59
6142.86 89101162.72 5610073.21 1606632.54 630843.19 310762.07 174390.08 111559.64
6157.14 26730348.82 4950064.60 1519606.61 656947.05 326155.86 182501.24 114251.43
6171.43 133651744.08 5651323.75 1593243.93 661297.69 319421.08 177431.76 112456.91
6185.71 89101162.72 5197567.83 1526300.91 630843.19 318458.97 179966.50 113952.34
6200.00 80191046.45 4702561.37 1512912.30 626492.55 309799.96 172869.23 107970.59
6214.29 80191046.45 5445071.06 1693658.46 720031.37 345398.09 193654.10 122625.88
6228.57 26730348.82 4578809.75 1472746.49 641719.80 313648.41 178445.66 112755.99
6242.86 71280930.18 4867563.52 1439274.98 578635.48 279974.50 158167.74 97801.62
6257.14 53460697.63 4248805.44 1318777.54 598213.37 306913.63 174390.08 108568.77
6271.43 71280930.18 4125053.83 1345554.75 602564.02 308837.85 176417.87 108269.68
6285.71 80191046.45 5073816.21 1640104.05 680875.58 337701.20 188584.62 114550.52
6300.00 35640465.09 4661310.83 1439274.98 635193.84 319421.08 178952.61 109466.03
6314.29 26730348.82 4496308.67 1372331.96 576460.16 291519.84 165771.96 103783.37
6328.57 80191046.45 4991315.13 1432580.68 602564.02 303065.18 165771.96 103185.19
6342.86 71280930.18 4290055.98 1439274.98 626492.55 302103.07 172869.23 108867.86
6357.14 115831511.54 5238818.36 1579855.33 637369.16 310762.07 175403.97 111559.64
6371.43 71280930.18 4537559.21 1526300.91 637369.16 318458.97 176417.87 109466.03
6385.71 80191046.45 4908814.06 1506218.00 624317.23 315572.63 174897.03 107970.59
6400.00 124741627.81 5032565.67 1579855.33 678700.26 333852.75 186049.88 115447.78
6414.29 187112441.72 4826312.98 1466052.19 630843.19 308837.85 174390.08 106774.24
6428.57 106921395.27 4661310.83 1285306.03 537304.37 279012.39 161209.43 101689.76
6442.86 106921395.27 4661310.83 1479440.79 593862.73 295368.29 169827.55 104680.63
6457.14 89101162.72 4620060.29 1425886.38 600388.69 316534.74 176924.82 110961.47
6471.43 80191046.45 4661310.83 1466052.19 622141.91 301140.96 172362.29 105278.81
6485.71 62370813.91 4908814.06 1399109.17 567758.87 276126.05 159181.64 100194.32
6500.00 106921395.27 5816325.90 1599938.23 648245.76 324231.64 184022.09 115447.78
6514.29 98011278.99 5816325.90 1633409.74 687401.55 332890.64 191626.31 120831.36
6528.57 98011278.99 6022578.59 1680269.86 659122.37 322307.41 181487.35 113354.17
6542.86 80191046.45 5197567.83 1586549.63 641719.80 316534.74 185542.93 114251.43
6557.14 98011278.99 4991315.13 1459357.89 578635.48 289595.62 170334.49 106176.07
6571.43 53460697.63 4867563.52 1499523.70 624317.23 308837.85 176417.87 110662.38
6585.71 133651744.08 4908814.06 1512912.30 604739.34 298254.62 169827.55 105876.98
6600.00 106921395.27 5197567.83 1586549.63 617791.26 295368.29 171855.34 105876.98
6614.29 115831511.54 5032565.67 1472746.49 582986.12 296330.40 170334.49 106475.16
6628.57 89101162.72 5197567.83 1546383.82 630843.19 308837.85 184022.09 115148.69
6642.86 71280930.18 5032565.67 1593243.93 602564.02 305951.51 172869.23 105876.98
6657.14 98011278.99 5280068.90 1526300.91 600388.69 315572.63 183515.14 115148.69
6671.43 62370813.91 4578809.75 1506218.00 598213.37 310762.07 173376.18 109466.03
6685.71 89101162.72 5486321.59 1412497.77 522077.13 263618.60 151070.47 98100.71
6700.00 151471976.63 5321319.44 1599938.23 637369.16 319421.08 179966.50 113653.26
6714.29 106921395.27 5238818.36 1459357.89 574284.84 273239.72 157660.80 99895.23
6728.57 53460697.63 5362569.98 1599938.23 650421.09 315572.63 183008.19 115148.69
6742.86 62370813.91 4785062.44 1365637.66 565583.55 295368.29 163237.22 104381.54
6757.14 115831511.54 4908814.06 1452663.58 559057.59 282860.83 160195.54 100194.32
6771.43 89101162.72 4207554.91 1372331.96 554706.95 276126.05 162223.33 104979.72
6785.71 98011278.99 4537559.21 1345554.75 552531.62 278050.28 159181.64 100493.41
6800.00 115831511.54 5032565.67 1499523.70 613440.62 304027.29 172362.29 108568.77
6814.29 115831511.54 4372557.06 1392414.86 589512.09 292481.95 169827.55 106774.24
6828.57 80191046.45 4496308.67 1285306.03 550356.30 285747.17 169320.60 106774.24
6842.86 80191046.45 5486321.59 1539689.51 619966.59 299216.73 166785.86 106475.16
6857.14 62370813.91 4991315.13 1492829.40 587336.77 293444.06 166785.86 104979.72
6871.43 71280930.18 5115066.75 1532995.21 617791.26 304027.29 170841.44 105278.81
6885.71 115831511.54 5403820.52 1539689.51 609089.98 302103.07 172869.23 108269.68
6900.00 80191046.45 4991315.13 1325471.84 541655.02 271315.49 159181.64 101689.76
6914.29 133651744.08 5115066.75 1412497.77 578635.48 280936.61 158674.69 99895.23
6928.57 71280930.18 4207554.91 1238445.91 526427.77 261694.38 147521.84 93315.31
6942.86 106921395.27 4743811.90 1546383.82 617791.26 300178.84 171348.39 107073.33
6957.14 71280930.18 5197567.83 1512912.30 630843.19 308837.85 170841.44 106176.07
6971.43 89101162.72 5156317.29 1526300.91 611265.30 313648.41 179459.56 112157.82
6985.71 62370813.91 4413807.60 1305388.94 537304.37 275163.94 162223.33 103783.37
7000.00 89101162.72 4207554.91 1198280.10 495973.27 246300.59 137889.83 88230.82
7014.29 44550581.36 4372557.06 1298694.63 532953.73 275163.94 157660.80 100194.32
7028.57 98011278.99 4042552.75 1265223.12 541655.02 272277.61 159181.64 100194.32
7042.86 98011278.99 5321319.44 1445969.28 565583.55 283822.95 160195.54 103783.37
7057.14 80191046.45 4908814.06 1358943.35 554706.95 273239.72 156139.95 99596.14
7071.43 80191046.45 4578809.75 1345554.75 543830.34 287671.39 165771.96 101689.76
7085.71 115831511.54 4413807.60 1385720.56 554706.95 281898.72 162730.28 102287.93
7100.00 133651744.08 4950064.60 1318777.54 548180.98 287671.39 163744.17 103783.37
7114.29 89101162.72 4166304.37 1064394.06 452466.84 237641.59 141438.46 90025.34
7128.57 80191046.45 4537559.21 1345554.75 526427.77 256883.82 155633.00 98997.97
7142.86 151471976.63 4372557.06 1258528.82 511200.52 260732.27 151070.47 97203.44
7157.14 62370813.91 4455058.14 1338860.45 519901.80 264580.71 157153.85 103185.19
7171.43 71280930.18 4496308.67 1184891.50 482921.34 255921.71 151577.42 94511.66
7185.71 80191046.45 4042552.75 1097865.57 450291.52 231868.91 136875.93 89427.17
7200.00 133651744.08 3630047.37 1131337.08 478570.70 244376.37 145494.05 97502.53
7214.29 35640465.09 4743811.90 1271917.42 495973.27 250149.04 145494.05 93315.31
7228.57 124741627.81 5197567.83 1292000.33 504674.55 245338.48 144480.15 94511.66
7242.86 89101162.72 5280068.90 1265223.12 500323.91 256883.82 150056.58 98698.88
7257.14 71280930.18 4578809.75 1171502.89 461168.13 244376.37 142959.31 92717.13
7271.43 106921395.27 5280068.90 1292000.33 509025.20 254959.60 147521.84 94212.57
7285.71 80191046.45 4413807.60 1251834.52 498148.59 250149.04 147014.89 92418.04
7300.00 62370813.91 4578809.75 1245140.22 511200.52 253035.37 145494.05 95708.01
7314.29 53460697.63 3547546.29 1178197.19 465518.77 231868.91 142959.31 93913.48
7328.57 124741627.81 5115066.75 1345554.75 504674.55 245338.48 141945.41 90623.52
7342.86 53460697.63 4496308.67 1298694.63 509025.20 253035.37 148535.73 94511.66
7357.14 62370813.91 4207554.91 1318777.54 532953.73 262656.49 155633.00 101091.58
7371.43 98011278.99 4083803.29 1158114.29 474220.06 231868.91 140424.57 91221.69
7385.71 106921395.27 4455058.14 1191585.80 472044.73 242452.14 135862.04 87333.56
7400.00 151471976.63 4455058.14 1305388.94 511200.52 249186.93 150056.58 95708.01
7414.29 89101162.72 4166304.37 1251834.52 482921.34 233793.14 134848.14 89128.08
7428.57 106921395.27 4867563.52 1338860.45 509025.20 247262.70 149549.63 95408.92
7442.86 53460697.63 4785062.44 1345554.75 519901.80 250149.04 143973.20 93016.22
7457.14 124741627.81 5238818.36 1372331.96 491622.63 238603.70 135862.04 86735.38
7471.43 44550581.36 3547546.29 1077782.66 406785.09 203005.56 117104.96 80155.46
7485.71 98011278.99 4702561.37 1211668.70 463343.45 223209.91 127243.92 82249.07
7500.00 62370813.91 5115066.75 1265223.12 478570.70 240527.92 134848.14 88230.82
7514.29 160382092.90 4042552.75 1077782.66 435064.27 203005.56 113049.38 74173.70
7528.57 115831511.54 4537559.21 1191585.80 441590.24 216475.13 121667.50 77463.67
7542.86 35640465.09 4042552.75 1151419.98 432888.95 209740.35 121667.50 79557.28
7557.14 62370813.91 4331306.52 1251834.52 474220.06 238603.70 138903.72 88230.82
7571.43 80191046.45 4743811.90 1184891.50 467694.09 225134.13 131806.45 83744.51
7585.71 71280930.18 4867563.52 1158114.29 432888.95 210702.46 120146.65 78959.10
7600.00 115831511.54 4867563.52 1258528.82 511200.52 234755.25 134341.19 84043.59
7614.29 98011278.99 4620060.29 1158114.29 463343.45 227058.36 132313.40 86137.21
7628.57 89101162.72 4785062.44 1425886.38 537304.37 257845.93 143466.26 91819.87
7642.86 89101162.72 4620060.29 1151419.98 456817.48 221285.69 124709.18 78360.93
7657.14 62370813.91 4785062.44 1164808.59 445940.88 212626.68 121667.50 78660.02
7671.43 89101162.72 4166304.37 1178197.19 448116.20 214550.90 122174.44 73575.53
7685.71 178202325.45 4826312.98 1278611.73 482921.34 233793.14 131299.51 80454.54
7700.00 160382092.90 5156317.29 1225057.31 461168.13 222247.80 126230.03 79557.28
7714.29 133651744.08 5032565.67 1278611.73 487271.98 234755.25 135862.04 85539.03
7728.57 133651744.08 4331306.52 1071088.36 426362.99 209740.35 116598.02 74173.70
7742.86 106921395.27 4867563.52 1138031.38 422012.34 199157.12 116091.07 73575.53
7757.14 71280930.18 5197567.83 1365637.66 511200.52 246300.59 138396.78 87931.73
7771.43 98011278.99 4908814.06 1305388.94 480746.02 229944.69 128764.77 81351.81
7785.71 115831511.54 5280068.90 1345554.75 502499.23 240527.92 134341.19 83445.42
7800.00 133651744.08 4331306.52 1178197.19 452466.84 217437.24 122681.39 78061.84
7814.29 62370813.91 4125053.83 1124642.78 435064.27 210702.46 117611.91 73874.62
7828.57 89101162.72 4661310.83 1251834.52 472044.73 228982.58 126230.03 81052.72
7842.86 133651744.08 4248805.44 1117948.47 445940.88 212626.68 115584.12 73276.44
7857.14 106921395.27 3836300.06 1131337.08 426362.99 209740.35 114063.28 71781.00
7871.43 44550581.36 4702561.37 1238445.91 491622.63 227058.36 125723.08 81052.72
7885.71 115831511.54 4455058.14 1285306.03 489447.30 235717.36 130792.56 82548.16
7900.00 80191046.45 3753798.99 1037616.85 387207.20 191460.22 109500.75 69089.22
7914.29 71280930.18 4867563.52 1238445.91 480746.02 232831.03 131806.45 82249.07
7928.57 142561860.36 4455058.14 1191585.80 465518.77 226096.24 128764.77 81052.72
7942.86 142561860.36 4908814.06 1285306.03 513375.84 246300.59 140931.52 86735.38
7957.14 106921395.27 4166304.37 1091171.26 432888.95 211664.57 117104.96 73276.44
7971.43 35640465.09 4290055.98 1124642.78 406785.09 193384.45 108993.80 71182.83
7985.71 89101162.72 4248805.44 1164808.59 428538.31 206854.01 119132.76 73874.62
8000.00 133651744.08 4496308.67 1151419.98 454642.16 225134.13 127750.87 80454.54
8014.29 98011278.99 4743811.90 1218363.01 448116.20 219361.46 123695.29 79557.28
8028.57 80191046.45 4125053.83 1091171.26 411135.74 202043.45 116598.02 74472.79
8042.86 98011278.99 4661310.83 1138031.38 413311.06 198195.01 113556.33 72379.18
8057.14 98011278.99 4042552.75 1238445.91 461168.13 221285.69 125723.08 79557.28
8071.43 62370813.91 4537559.21 1218363.01 450291.52 211664.57 119639.70 75370.05
8085.71 106921395.27 4785062.44 1251834.52 474220.06 224172.02 129271.71 80753.63
8100.00 53460697.63 4331306.52 1178197.19 430713.63 207816.12 117611.91 74472.79
8114.29 80191046.45 5156317.29 1198280.10 450291.52 214550.90 125216.13 79856.37
8128.57 124741627.81 5403820.52 1432580.68 537304.37 252073.26 140931.52 90922.61
8142.86 62370813.91 4083803.29 1178197.19 456817.48 215513.02 123188.34 78959.10
8157.14 80191046.45 4785062.44 1258528.82 476395.38 227058.36 128257.82 82548.16
8171.43 89101162.72 4702561.37 1231751.61 465518.77 226096.24 129778.66 78959.10
8185.71 98011278.99 4620060.29 1198280.10 437239.59 211664.57 120653.60 74771.88
8200.00 115831511.54 4743811.90 1251834.52 456817.48 218399.35 124709.18 80753.63
8214.29 89101162.72 3795049.52 1077782.66 415486.38 209740.35 123188.34 77164.58
8228.57 115831511.54 4826312.98 1325471.84 472044.73 230906.80 129271.71 81052.72
8242.86 133651744.08 4620060.29 1292000.33 458992.81 220323.57 124709.18 81949.98
8257.14 106921395.27 4785062.44 1131337.08 413311.06 205891.90 118118.86 75370.05
8271.43 89101162.72 5032565.67 1292000.33 469869.41 228982.58 126736.97 79258.19
8285.71 115831511.54 4743811.90 1138031.38 422012.34 197232.89 113049.38 70584.65
8300.00 89101162.72 4620060.29 1218363.01 454642.16 223209.91 127750.87 80753.63
8314.29 124741627.81 5073816.21 1332166.14 487271.98 232831.03 130792.56 83445.42
8328.57 98011278.99 4537559.21 1158114.29 435064.27 208778.23 122174.44 75968.23
8342.86 142561860.36 4125053.83 1077782.66 417661.70 199157.12 109500.75 69388.30
8357.14 133651744.08 4496308.67 1084476.96 402434.45 192422.34 108993.80 66995.60
8371.43 124741627.81 5156317.29 1225057.31 441590.24 213588.79 120146.65 76566.40
8385.71 80191046.45 4413807.60 1104559.87 435064.27 207816.12 120653.60 77762.75
8400.00 89101162.72 4743811.90 1104559.87 413311.06 196270.78 109500.75 70584.65
8414.29 98011278.99 4578809.75 1131337.08 413311.06 203005.56 115077.17 72678.27
8428.57 124741627.81 5032565.67 1332166.14 495973.27 236679.47 139917.62 87632.64
8442.86 62370813.91 4207554.91 1071088.36 400259.13 187611.78 111528.54 69986.48
8457.14 71280930.18 4578809.75 1131337.08 435064.27 206854.01 116598.02 75370.05
8471.43 89101162.72 4455058.14 1084476.96 417661.70 203005.56 112542.43 70883.74
8485.71 53460697.63 3671297.91 937202.31 361103.35 178952.77 100375.68 64004.73
8500.00 106921395.27 4001302.21 1030922.54 413311.06 202043.45 112542.43 72977.35
8514.29 35640465.09 3588796.83 984062.43 371979.95 178952.77 105445.16 67892.87
8528.57 106921395.27 4290055.98 1117948.47 408960.41 196270.78 117611.91 76267.32
8542.86 98011278.99 3960051.68 943896.61 369804.63 193384.45 109500.75 71182.83
8557.14 89101162.72 4372557.06 1131337.08 448116.20 222247.80 127243.92 81351.81
8571.43 98011278.99 3671297.91 930508.01 369804.63 189536.00 107979.90 68790.13
8585.71 133651744.08 4702561.37 1178197.19 411135.74 206854.01 121667.50 77463.67
8600.00 62370813.91 4785062.44 1117948.47 419837.02 198195.01 115077.17 72977.35
8614.29 98011278.99 4578809.75 1104559.87 417661.70 202043.45 115584.12 75370.05
8628.57 53460697.63 3093790.37 702901.73 287142.42 147203.09 87701.99 59219.33
8642.86 62370813.91 4248805.44 1030922.54 382856.56 187611.78 110007.69 71182.83
8657.14 106921395.27 4042552.75 977368.13 367629.31 187611.78 112542.43 74771.88
8671.43 98011278.99 4620060.29 1117948.47 415486.38 199157.12 118118.86 79258.19
8685.71 133651744.08 3877550.60 950590.92 369804.63 177990.66 103417.37 66995.60
8700.00 133651744.08 3671297.91 950590.92 382856.56 191460.22 113556.33 72678.27
8714.29 89101162.72 4413807.60 1057699.75 413311.06 199157.12 115077.17 78959.10
8728.57 80191046.45 4826312.98 1010839.64 376330.59 187611.78 113049.38 74173.70
8742.86 89101162.72 3795049.52 970673.82 361103.35 178952.77 106966.01 72678.27
8757.14 142561860.36 4908814.06 1184891.50 448116.20 228020.47 129778.66 84641.77
8771.43 80191046.45 3588796.83 963979.52 369804.63 190498.11 112035.49 75669.14
8785.71 80191046.45 3588796.83 1037616.85 400259.13 197232.89 123695.29 79258.19
8800.00 133651744.08 4372557.06 984062.43 363278.67 177990.66 104938.22 69388.30
8814.29 106921395.27 4248805.44 1051005.45 417661.70 197232.89 115584.12 72379.18
8828.57 98011278.99 3588796.83 903730.80 345876.10 173180.10 101389.58 69089.22
8842.86 124741627.81 3588796.83 930508.01 352402.06 187611.78 105952.11 68191.95
8857.14 71280930.18 4083803.29 970673.82 361103.35 175104.33 101896.53 66995.60
8871.43 115831511.54 3588796.83 930508.01 352402.06 172217.99 98347.89 65500.17
8885.71 160382092.90 3671297.91 890342.20 328473.52 155862.09 91250.62 61911.12
8900.00 106921395.27 3877550.60 923813.71 350226.74 167407.43 95813.15 65201.08
8914.29 71280930.18 4248805.44 1117948.47 398083.81 187611.78 104938.22 69986.48
8928.57 44550581.36 4042552.75 1004145.33 352402.06 166445.32 97334.00 62210.20
8942.86 44550581.36 3217541.99 870259.29 328473.52 152975.76 89222.83 57125.72
8957.14 115831511.54 4248805.44 910425.10 334999.49 159710.54 89222.83 59817.50
8971.43 106921395.27 4826312.98 1091171.26 382856.56 179914.88 105445.16 66995.60
8985.71 80191046.45 3836300.06 903730.80 352402.06 162596.87 91757.57 59219.33
9000.00 115831511.54 4496308.67 1164808.59 404609.77 193384.45 109500.75 68191.95
9014.29 80191046.45 4785062.44 1104559.87 411135.74 201081.34 112035.49 71182.83
9028.57 124741627.81 3918801.14 950590.92 341525.45 173180.10 100375.68 63705.64
9042.86 98011278.99 4248805.44 977368.13 376330.59 174142.21 98854.84 63107.47
9057.14 80191046.45 3547546.29 977368.13 361103.35 169331.66 94292.31 59817.50
9071.43 80191046.45 4125053.83 1091171.26 389382.52 185687.55 105445.16 66995.60
9085.71 71280930.18 3423794.68 930508.01 339350.13 164521.10 96320.10 59817.50
9100.00 106921395.27 3795049.52 937202.31 348051.42 165483.21 95306.21 58621.15
9114.29 115831511.54 4166304.37 1024228.24 361103.35 169331.66 95306.21 60116.59
9128.57 133651744.08 4125053.83 1004145.33 356752.70 170293.77 94292.31 59518.42
9142.86 160382092.90 3712548.45 1024228.24 365453.99 169331.66 95813.15 58920.24
9157.14 80191046.45 4331306.52 1084476.96 376330.59 176066.44 97334.00 63406.55
9171.43 106921395.27 3795049.52 883647.89 319772.24 151051.53 88715.88 56228.45
9185.71 89101162.72 4001302.21 917119.41 348051.42 163558.99 93785.36 57424.80
9200.00 53460697.63 4083803.29 984062.43 350226.74 170293.77 96827.05 59518.42
9214.29 80191046.45 3712548.45 943896.61 339350.13 159710.54 88208.93 56228.45
9228.57 115831511.54 3795049.52 950590.92 343700.77 157786.32 90743.67 56527.54
9242.86 133651744.08 4248805.44 963979.52 374155.27 175104.33 95306.21 59219.33
9257.14 71280930.18 4125053.83 970673.82 343700.77 161634.76 91250.62 58920.24
9271.43 142561860.36 4248805.44 984062.43 380681.24 176066.44 98347.89 61911.12
9285.71 133651744.08 3300043.06 796621.97 289317.74 141430.42 80097.77 52639.40
9300.00 71280930.18 3795049.52 910425.10 326298.20 153937.87 87701.99 55032.10
9314.29 80191046.45 3547546.29 876953.59 326298.20 153937.87 86688.09 55032.10
9328.57 106921395.27 4908814.06 1111254.17 406785.09 190498.11 106966.01 67294.69
9342.86 142561860.36 4413807.60 1091171.26 385031.88 178952.77 99868.74 64901.99
9357.14 133651744.08 4125053.83 963979.52 361103.35 166445.32 94799.26 59518.42
9371.43 124741627.81 3712548.45 890342.20 332824.17 157786.32 90236.73 56826.63
9385.71 124741627.81 3960051.68 950590.92 358928.02 168369.54 96827.05 61013.85
9400.00 124741627.81 3960051.68 917119.41 341525.45 166445.32 94292.31 61013.85
9414.29 98011278.99 4166304.37 997451.03 361103.35 169331.66 93278.41 59518.42
9428.57 106921395.27 4248805.44 1091171.26 395908.49 187611.78 106966.01 66397.43
9442.86 0.00 3877550.60 950590.92 371979.95 181839.11 106459.06 68191.95
9457.14 98011278.99 3753798.99 850176.38 324122.88 161634.76 93278.41 59817.50
9471.43 80191046.45 3176291.45 803316.27 293668.38 142392.53 81111.66 55929.37
9485.71 80191046.45 3795049.52 917119.41 345876.10 169331.66 96827.05 61612.03
9500.00 115831511.54 4042552.75 990756.73 363278.67 174142.21 101389.58 64303.82
9514.29 115831511.54 4125053.83 910425.10 339350.13 166445.32 97334.00 64901.99
9528.57 142561860.36 4331306.52 1030922.54 406785.09 196270.78 115584.12 74173.70
9542.86 187112441.72 4001302.21 903730.80 337174.81 166445.32 96827.05 67892.87
9557.14 115831511.54 4331306.52 970673.82 363278.67 176066.44 104938.22 67892.87
9571.43 160382092.90 4826312.98 1017533.94 378505.92 189536.00 104431.27 69388.30
9585.71 62370813.91 3588796.83 863564.99 328473.52 164521.10 95306.21 63107.47
9600.00 151471976.63 4496308.67 1017533.94 371979.95 172217.99 101389.58 66098.34
9614.29 80191046.45 4248805.44 1004145.33 354577.38 182801.22 103417.37 66397.43
9628.57 71280930.18 4207554.91 950590.92 332824.17 168369.54 98347.89 65799.25
9642.86 133651744.08 3836300.06 816704.87 308895.63 148165.20 83646.40 56527.54
9657.14 98011278.99 4001302.21 917119.41 334999.49 161634.76 95813.15 63107.47
9671.43 124741627.81 3918801.14 870259.29 321947.56 158748.43 92771.47 63406.55
9685.71 133651744.08 4413807.60 970673.82 358928.02 171255.88 96827.05 64901.99
9700.00 115831511.54 4372557.06 1010839.64 363278.67 176066.44 101389.58 66397.43
9714.29 115831511.54 3795049.52 850176.38 317596.92 163558.99 94292.31 60415.68
9728.57 133651744.08 3465045.22 823399.17 295843.70 144316.75 82632.51 54134.84
9742.86 169292209.17 3300043.06 769844.76 308895.63 150089.42 89222.83 59518.42
9757.14 53460697.63 3465045.22 830093.48 300194.35 150089.42 82632.51 56826.63
9771.43 151471976.63 3547546.29 823399.17 308895.63 152975.76 90743.67 59817.50
9785.71 89101162.72 3465045.22 810010.57 304544.99 154899.98 90743.67 58621.15
9800.00 89101162.72 3423794.68 749761.85 291493.06 150089.42 88208.93 60714.77
9814.29 71280930.18 3135040.91 783233.36 306720.31 156824.20 87195.04 58322.07
9828.57 80191046.45 3547546.29 903730.80 328473.52 157786.32 91250.62 58322.07
9842.86 98011278.99 4125053.83 997451.03 371979.95 182801.22 105952.11 70584.65
9857.14 80191046.45 2475032.30 609181.50 230584.06 115453.40 70465.76 45461.30
9871.43 160382092.90 3300043.06 716290.34 282791.78 141430.42 82632.51 53835.75
9885.71 133651744.08 3300043.06 709596.04 267564.53 134695.64 79590.82 52938.49
9900.00 71280930.18 3506295.76 749761.85 282791.78 140468.31 85167.25 56228.45
9914.29 89101162.72 3506295.76 769844.76 289317.74 141430.42 82632.51 57424.80
9928.57 98011278.99 3258792.53 722984.64 276265.81 140468.31 82632.51 55331.19
9942.86 71280930.18 3052539.83 702901.73 280616.45 128922.97 75535.24 48153.09
9957.14 71280930.18 2763786.07 736373.25 282791.78 136619.86 79590.82 50545.79
9971.43 71280930.18 3176291.45 662735.92 247986.63 121226.07 70465.76 46956.74
9985.71 115831511.54 3877550.60 863564.99 304544.99 151051.53 88208.93 58322.07
10000.00 106921395.27 3052539.83 689513.13 263213.88 133733.52 80097.77 52340.32
10014.30 98011278.99 4042552.75 836787.78 308895.63 146240.98 85674.19 55929.37
10028.60 71280930.18 3753798.99 789927.66 298019.03 143354.64 84660.30 58022.98
10042.90 98011278.99 4290055.98 910425.10 328473.52 154899.98 86688.09 54733.02
10057.10 115831511.54 3258792.53 722984.64 282791.78 133733.52 74521.34 48153.09
10071.40 98011278.99 3547546.29 749761.85 263213.88 134695.64 80604.72 50844.88
10085.70 160382092.90 3960051.68 836787.78 304544.99 145278.86 82632.51 52041.23
10100.00 142561860.36 4166304.37 850176.38 302369.67 147203.09 85167.25 55630.28
10114.30 53460697.63 3506295.76 789927.66 282791.78 137581.97 79083.87 51742.14
10128.60 169292209.17 3960051.68 816704.87 300194.35 139506.19 82632.51 54733.02
10142.90 142561860.36 3630047.37 749761.85 274090.49 135657.75 77563.03 49947.62
10157.10 71280930.18 2887537.68 656041.62 230584.06 116415.51 68437.97 46956.74
10171.40 98011278.99 3506295.76 696207.43 269739.85 133733.52 80604.72 51443.05
10185.70 106921395.27 3918801.14 789927.66 287142.42 142392.53 80604.72 52639.40
10200.00 160382092.90 3300043.06 709596.04 256687.92 122188.18 71479.65 46956.74
10214.30 62370813.91 3382544.14 729678.94 261038.56 129885.08 75028.29 50545.79
10228.60 178202325.45 3382544.14 629264.41 221882.78 106794.40 63875.44 42769.52
10242.90 106921395.27 3300043.06 696207.43 245811.31 118339.74 66917.12 44863.13
10257.10 124741627.81 3258792.53 696207.43 237110.03 121226.07 72493.55 46059.48
10271.40 89101162.72 3423794.68 689513.13 247986.63 121226.07 74521.34 50844.88
10285.70 151471976.63 3671297.91 789927.66 287142.42 136619.86 76549.13 49050.35
10300.00 115831511.54 3588796.83 789927.66 284967.10 140468.31 79590.82 52340.32
10314.30 98011278.99 3465045.22 743067.55 280616.45 132771.41 80604.72 52639.40
10328.60 89101162.72 3341293.60 763150.45 269739.85 126036.63 73507.45 48153.09
10342.90 133651744.08 3258792.53 689513.13 245811.31 118339.74 69958.81 45760.39
10357.10 151471976.63 4042552.75 836787.78 302369.67 144316.75 80097.77 53536.67
10371.40 89101162.72 3176291.45 669430.22 241460.67 116415.51 66917.12 44564.04
10385.70 80191046.45 3093790.37 736373.25 265389.21 125074.52 75535.24 49648.53
10400.00 98011278.99 3217541.99 676124.53 250161.96 121226.07 73000.50 49648.53
10414.30 124741627.81 3588796.83 743067.55 267564.53 131809.30 75028.29 50246.70
10428.60 124741627.81 3547546.29 682818.83 243635.99 122188.18 71986.60 46059.48
10442.90 133651744.08 3382544.14 743067.55 276265.81 132771.41 77563.03 49648.53
10457.10 0.00 1402518.30 763150.45 287142.42 137581.97 81111.66 52041.23
10471.40 89101162.72 3630047.37 736373.25 252337.28 123150.30 73507.45 48751.27
10485.70 106921395.27 3877550.60 776539.06 276265.81 133733.52 79590.82 53835.75
10500.00 160382092.90 3506295.76 722984.64 267564.53 136619.86 81111.66 52639.40
10514.30 89101162.72 3217541.99 662735.92 250161.96 126036.63 73507.45 48452.18
10528.60 71280930.18 2928788.22 635958.71 226233.42 112567.07 70972.71 47554.92
10542.90 98011278.99 4083803.29 789927.66 287142.42 140468.31 81618.61 54733.02
10557.10 142561860.36 3877550.60 823399.17 278441.13 142392.53 86688.09 56228.45
10571.40 98011278.99 3176291.45 676124.53 250161.96 130847.19 76042.18 49349.44
10585.70 8910116.27 1732522.61 689513.13 261038.56 131809.30 77563.03 53237.58
10600.00 98011278.99 3217541.99 689513.13 256687.92 122188.18 73507.45 46657.65
10614.30 8910116.27 2846287.14 669430.22 252337.28 123150.30 73000.50 49050.35
10628.60 169292209.17 3836300.06 769844.76 282791.78 135657.75 79083.87 52041.23
10642.90 89101162.72 3877550.60 796621.97 278441.13 139506.19 81111.66 55630.28
10657.10 133651744.08 3588796.83 756456.15 261038.56 123150.30 74014.39 47854.00
10671.40 71280930.18 2970038.76 629264.41 232759.39 117377.63 67931.02 46358.57
10685.70 71280930.18 3918801.14 836787.78 293668.38 140468.31 79083.87 52041.23
10700.00 71280930.18 3093790.37 722984.64 256687.92 125074.52 75028.29 49349.44
10714.30 115831511.54 3423794.68 776539.06 284967.10 132771.41 75535.24 50844.88
10728.60 151471976.63 3382544.14 749761.85 276265.81 129885.08 76042.18 50844.88
10742.90 133651744.08 3382544.14 722984.64 250161.96 117377.63 67424.07 43666.78
10757.10 196022557.99 3547546.29 696207.43 252337.28 121226.07 67931.02 43068.60
10771.40 115831511.54 3341293.60 696207.43 247986.63 117377.63 70465.76 48751.27
10785.70 151471976.63 3547546.29 736373.25 278441.13 130847.19 74521.34 46956.74
10800.00 151471976.63 3506295.76 716290.34 274090.49 126036.63 71986.60 50844.88
10814.30 142561860.36 2846287.14 602487.20 221882.78 107756.51 61847.64 42171.34
10828.60 89101162.72 2763786.07 595792.90 234934.71 115453.40 67424.07 43068.60
10842.90 115831511.54 3671297.91 729678.94 256687.92 134695.64 75535.24 49349.44
10857.10 71280930.18 3135040.91 642653.01 232759.39 114491.29 67424.07 46657.65
10871.40 151471976.63 3093790.37 629264.41 239285.35 123150.30 71986.60 49648.53
10885.70 160382092.90 3630047.37 716290.34 261038.56 126036.63 74521.34 49947.62
10900.00 106921395.27 3341293.60 689513.13 269739.85 126036.63 74521.34 46657.65
10914.30 89101162.72 3217541.99 656041.62 237110.03 113529.18 66917.12 46956.74
10928.60 62370813.91 3423794.68 669430.22 256687.92 121226.07 71479.65 46657.65
10942.90 89101162.72 4083803.29 776539.06 276265.81 137581.97 80604.72 51742.14
10957.10 124741627.81 3382544.14 642653.01 234934.71 114491.29 64889.33 43367.69
10971.40 80191046.45 2598783.91 562321.39 219707.46 118339.74 70972.71 46358.57
10985.70 133651744.08 2887537.68 575709.99 208830.85 98135.39 56778.16 37385.94
11000.00 98011278.99 3588796.83 743067.55 258863.24 130847.19 74521.34 48153.09
11014.30 71280930.18 2970038.76 602487.20 221882.78 106794.40 61847.64 42769.52
11028.60 133651744.08 3836300.06 783233.36 276265.81 127960.85 75028.29 50246.70
11042.90 106921395.27 2805036.60 595792.90 213181.49 105832.28 62354.59 40675.90
11057.10 142561860.36 3093790.37 676124.53 232759.39 112567.07 64889.33 46358.57
11071.40 89101162.72 3465045.22 696207.43 252337.28 123150.30 70972.71 44863.13
11085.70 142561860.36 3052539.83 582404.29 211006.17 101983.84 62354.59 41872.25
11100.00 106921395.27 3011289.30 615875.81 217532.14 105832.28 64889.33 43965.87
11114.30 53460697.63 2310030.14 475295.46 174025.71 86590.05 52722.58 38881.38
11128.60 98011278.99 3176291.45 602487.20 215356.81 103908.06 60833.75 40077.73
11142.90 98011278.99 3135040.91 602487.20 204480.21 101983.84 59312.90 37385.94
11157.10 89101162.72 2846287.14 548932.78 200129.56 102945.95 60833.75 40077.73
11171.40 169292209.17 3093790.37 589098.60 204480.21 100059.61 61340.70 40077.73
11185.70 89101162.72 2310030.14 508766.97 187077.64 92362.72 56778.16 39479.55
11200.00 133651744.08 3506295.76 736373.25 261038.56 122188.18 69451.86 44863.13
11214.30 89101162.72 3217541.99 609181.50 208830.85 101983.84 61340.70 41573.17
11228.60 89101162.72 3093790.37 609181.50 213181.49 100059.61 60326.80 41274.08
11242.90 133651744.08 3093790.37 609181.50 217532.14 102945.95 61340.70 41573.17
11257.10 89101162.72 2887537.68 589098.60 211006.17 103908.06 58805.96 43068.60
11271.40 80191046.45 3176291.45 676124.53 243635.99 122188.18 67424.07 43666.78
11285.70 89101162.72 3011289.30 602487.20 208830.85 101983.84 58805.96 38283.20
11300.00 106921395.27 3093790.37 662735.92 243635.99 112567.07 64889.33 44863.13
11314.30 133651744.08 3135040.91 656041.62 226233.42 105832.28 60833.75 38881.38
11328.60 115831511.54 2846287.14 569015.69 213181.49 103908.06 63875.44 41872.25
11342.90 106921395.27 3712548.45 743067.55 250161.96 121226.07 70972.71 46657.65
11357.10 124741627.81 3258792.53 635958.71 224058.10 109680.73 65396.28 42470.43
11371.40 115831511.54 2681284.99 595792.90 213181.49 103908.06 63875.44 43068.60
11385.70 106921395.27 3217541.99 656041.62 228408.74 108718.62 68944.91 46657.65
11400.00 169292209.17 2928788.22 642653.01 230584.06 111604.95 68944.91 46059.48
11414.30 71280930.18 2928788.22 589098.60 217532.14 107756.51 62354.59 42769.52
11428.60 151471976.63 4001302.21 763150.45 276265.81 130847.19 75028.29 50246.70
