0.01 104.00 1743.64 8851.37 27012.13 62826.68 127171.00
0.01 120.32 1885.22 9321.45 27452.82 64499.43 132257.84
0.00 136.04 1996.99 9321.45 28930.45 67106.96 132591.40
0.01 115.48 1713.84 8461.54 26675.12 61793.51 126003.53
0.00 88.28 1713.84 8851.37 27012.13 63367.86 128755.42
0.01 98.55 1680.30 8885.76 27815.75 64204.24 128421.86
0.00 110.65 1866.59 9241.20 28204.60 66172.19 132091.06
0.00 79.81 1605.79 8358.35 26364.04 63859.85 128004.91
0.01 91.30 1672.85 8725.25 27660.21 65385.01 131257.15
0.00 105.20 1680.30 8690.85 26960.28 64843.82 128421.86
0.01 109.44 1698.93 8633.52 26804.74 64647.03 130006.29
0.01 111.86 1728.74 8725.25 27530.59 66270.58 132174.45
0.01 105.20 1799.53 9011.89 27426.90 64302.64 128255.08
0.02 117.90 1810.70 9092.14 28463.83 65876.99 131090.37
0.01 90.09 1616.97 8771.11 27712.06 65286.61 129589.33
0.01 94.32 1654.22 8587.66 26208.50 62137.90 125836.74
0.01 113.07 1758.54 8839.90 27893.52 65335.81 130173.07
0.01 103.39 1758.54 8564.73 26104.81 62334.69 124919.45
0.02 104.60 1747.37 8461.54 26338.12 63466.26 125836.74
0.01 129.39 1758.54 8816.97 27789.83 66122.99 131924.27
0.02 119.11 1661.67 8530.33 26597.35 63072.67 127754.73
0.00 90.69 1646.77 8358.35 27012.13 64302.64 129088.99
0.01 108.83 1721.29 8794.04 27504.67 64696.23 130590.02
0.01 109.44 1691.48 9115.07 28074.98 65778.60 130840.19
0.00 102.79 1792.08 8966.02 27841.67 66270.58 131257.15
0.00 114.27 1743.64 8576.20 27271.36 65139.01 130673.41
0.01 100.37 1777.17 8851.37 27038.05 65827.80 130923.58
0.00 96.74 1758.54 8794.04 27582.44 64893.02 130590.02
0.00 97.95 1825.61 9138.01 28178.68 67648.15 134592.78
0.01 128.18 1888.94 9413.18 28515.68 66467.38 131257.15
0.00 114.88 1684.03 8335.42 26338.12 64991.42 130256.46
0.00 100.37 1646.77 8782.58 28074.98 66713.37 133508.70
0.00 116.69 1915.02 9252.66 28074.98 66811.77 134759.56
0.00 105.81 1833.06 9229.73 28360.14 67352.95 133758.87
0.01 129.99 1918.75 9653.95 29163.76 67943.34 136427.38
0.00 96.74 1684.03 8828.44 27841.67 66270.58 134259.22
0.00 61.07 1523.82 8702.32 27504.67 66467.38 132758.18
0.01 114.88 1821.88 8954.56 27608.36 65286.61 132674.79
0.01 124.55 2011.89 9814.47 30019.23 71092.05 138929.10
0.00 55.02 1482.84 8415.68 27141.74 66614.97 132091.06
0.01 108.23 1833.06 9138.01 28437.91 67894.14 135259.91
0.00 34.46 1441.86 8507.40 27530.59 67106.96 135510.08
0.00 97.95 1710.11 8771.11 28437.91 67697.34 136177.21
0.00 31.44 1270.47 7945.59 26182.58 64991.42 131006.98
0.00 30.84 1292.83 8117.58 25819.65 65188.21 130423.24
0.00 31.44 1363.62 8323.95 27115.82 66221.38 132841.57
0.00 31.44 1389.70 8117.58 26649.20 63318.66 130756.80
0.00 21.77 1158.70 7269.13 25715.96 64105.84 131590.71
0.00 24.19 1110.27 7670.42 26001.11 64155.04 129839.50
0.00 26.60 890.45 6993.96 24056.86 61498.31 127921.52
0.00 13.30 625.92 6088.18 23149.55 59382.77 124752.66
0.00 34.46 1300.28 8174.90 26726.97 64105.84 128255.08
0.00 39.30 1348.71 8782.58 27841.67 66664.17 132591.40
0.00 21.77 1113.99 7441.11 25067.87 60563.54 125669.96
0.02 110.65 1818.16 8931.63 27815.75 66319.78 135009.73
0.00 58.04 1490.29 8427.14 27945.37 67648.15 137177.90
0.01 135.44 1836.78 9160.94 29215.61 69665.29 140513.53
0.00 16.93 402.38 4460.08 20401.67 57119.63 122000.77
0.00 12.09 398.65 3726.29 19079.58 54758.10 120416.34
0.00 22.98 964.96 7544.30 25378.95 62679.08 130089.68
0.01 112.46 1736.19 8690.85 27038.05 65483.40 132257.84
0.01 114.27 1926.20 9287.06 29578.54 69960.48 141097.26
0.00 4.23 253.35 2579.74 14880.00 48362.27 110576.22
0.00 3.02 156.48 1811.55 11976.59 43442.41 106406.68
0.00 5.44 204.92 2166.98 11069.27 42261.64 105405.99
0.00 99.76 1687.76 8622.06 27634.29 67844.94 134426.00
0.00 96.74 1695.21 8633.52 27608.36 65778.60 134175.83
0.00 1.81 115.50 1192.41 6377.14 27748.04 85725.76
0.00 2.42 89.42 859.91 5106.90 19384.27 65878.75
0.00 67.72 1494.02 8553.27 27323.21 66368.98 133842.26
0.00 2.42 134.13 1421.72 8399.16 33799.47 100068.98
0.00 68.93 1624.42 8828.44 28230.52 66811.77 135760.25
0.00 1.81 48.43 1008.96 4795.82 19777.86 66462.48
0.01 115.48 1840.51 9573.69 29267.46 70698.46 141931.17
0.00 0.60 59.61 630.60 3577.42 13332.83 41862.19
0.01 94.93 1751.09 8748.18 27167.67 65827.80 131757.49
0.01 110.65 1851.69 9046.28 28049.06 67795.74 135760.25
0.00 1.81 70.79 676.46 3447.80 14808.79 47199.20
0.00 1.81 37.26 527.41 2618.26 10331.72 32439.03
0.00 2.42 55.89 447.15 2721.95 11217.29 35524.49
0.00 0.60 52.16 596.21 3732.96 15349.98 49617.54
0.00 0.60 48.43 470.09 2151.64 8166.98 24433.51
0.00 1.21 52.16 424.22 2229.41 8117.78 27518.97
0.00 91.90 1590.89 8312.49 26389.97 63466.26 128004.91
0.00 0.60 29.81 309.57 1736.86 7084.61 22181.96
0.00 0.60 44.71 435.69 2125.71 7379.80 22098.57
0.00 0.00 26.08 412.76 1685.02 6887.81 21014.49
0.00 1.21 55.89 309.57 1685.02 5559.45 16261.21
0.00 2.42 29.81 321.03 1607.25 6149.83 16928.34
0.00 0.00 44.71 389.83 1788.71 6494.22 19013.11
0.00 93.11 1628.14 8301.02 26364.04 61055.53 122584.50
0.00 0.00 14.90 332.50 1840.56 6445.02 17762.24
0.00 0.00 26.08 286.64 1373.94 4673.87 15427.30
0.01 88.88 1602.06 8186.37 25612.26 60809.53 120416.34
0.00 0.60 14.90 217.84 1192.47 4280.28 13425.92
0.00 1.21 14.90 240.78 1062.86 4526.28 13759.49
0.00 1.21 37.26 263.71 1192.47 3788.30 11424.54
0.00 1.81 26.08 183.45 933.24 4231.08 12842.19
0.00 77.39 1423.23 7188.87 22864.39 55988.07 112911.17
0.00 80.42 1490.29 7681.89 24367.94 56480.05 112327.43
0.00 1.21 44.71 229.31 1114.70 3739.10 10340.46
0.00 96.14 1602.06 7934.13 23875.40 55250.09 109492.14
0.00 1.21 40.98 206.38 881.39 3443.91 9256.38
0.01 76.18 1561.08 7486.97 22916.24 53183.74 105322.60
0.00 88.28 1467.94 7406.71 22864.39 53183.74 105989.73
0.00 0.60 18.63 160.52 570.31 2361.54 6921.44
0.00 0.60 26.08 206.38 648.08 2656.73 7588.56
0.00 0.00 14.90 137.59 622.16 2459.93 6838.05
0.00 69.53 1363.62 7005.42 21723.76 51707.78 105322.60
0.00 84.65 1471.66 7269.13 22112.61 52544.16 105906.34
0.00 0.00 3.73 91.72 414.77 1475.96 4503.10
0.00 59.86 1289.10 6535.34 20427.60 49346.25 99818.81
0.00 114.88 1620.69 7636.02 23071.78 53282.14 104989.04
0.00 0.00 0.00 68.79 233.31 1426.76 4586.50
0.00 76.79 1475.39 7120.08 21205.30 49838.23 98651.34
0.00 0.00 3.73 57.33 337.00 1475.96 4336.32
0.00 0.00 18.63 103.19 388.85 1377.56 4669.89
0.00 73.76 1382.25 7441.11 21905.23 50773.01 100902.89
0.00 94.32 1516.37 7246.20 22760.70 51215.80 100819.50
0.00 90.69 1512.65 7257.66 22060.77 50428.62 98150.99
0.00 0.00 0.00 45.86 233.31 1131.57 3335.63
0.00 90.69 1449.31 7074.22 21568.22 49001.86 96566.57
0.00 74.97 1367.34 7085.68 21308.99 50576.21 98734.73
0.00 57.44 1289.10 7016.89 21983.00 50969.80 98317.77
0.01 99.76 1561.08 7544.30 22708.85 50773.01 100736.11
0.00 96.74 1460.49 7395.25 21283.07 50477.82 99652.03
0.01 92.51 1494.02 6993.96 20946.06 47476.70 92563.81
0.00 108.23 1579.71 7521.37 21283.07 49739.84 94315.02
0.00 97.95 1583.43 7498.44 22138.54 50625.41 98818.12
0.01 93.72 1505.19 7337.92 21516.38 48854.26 93397.72
0.01 96.74 1553.63 7143.01 21101.60 48116.28 94481.80
0.01 100.97 1587.16 7578.70 22060.77 49543.04 97066.91
0.00 0.00 7.45 34.40 181.46 787.18 2751.90
0.00 97.95 1587.16 7509.90 22190.38 50674.61 97984.21
0.00 0.60 7.45 45.86 233.31 934.77 2835.29
0.01 99.16 1471.66 7177.40 20997.91 47673.49 93731.28
0.00 0.00 0.00 11.47 25.92 393.59 1084.08
0.01 84.04 1300.28 6913.70 21412.68 48165.48 92647.20
0.00 90.09 1430.68 7200.34 20997.91 47181.51 91563.12
0.00 98.55 1397.15 6982.49 20012.82 45459.55 89561.74
0.00 0.00 7.45 68.79 181.46 541.19 1584.43
0.00 115.48 1516.37 7452.58 21516.38 48017.88 92980.76
0.00 87.07 1359.89 6844.91 20349.83 47525.90 91896.68
0.00 98.55 1594.61 7544.30 22734.77 50969.80 98150.99
0.00 91.30 1520.10 7246.20 21801.53 49346.25 95232.31
0.00 95.53 1609.51 7498.44 21749.69 49198.65 94231.62
0.00 88.88 1415.78 6971.03 20920.14 47378.30 90479.04
0.00 96.14 1501.47 7464.04 21931.15 49887.43 95732.66
0.01 88.88 1527.55 7097.15 21179.37 47427.50 92563.81
0.01 95.53 1546.18 7601.63 22397.77 50920.60 96900.13
0.00 0.00 7.45 34.40 103.69 393.59 1000.69
0.01 93.11 1445.58 7280.59 20738.68 46689.52 90062.08
0.00 87.07 1557.35 7681.89 22812.54 50773.01 97650.65
0.00 85.86 1363.62 6833.44 20453.52 46443.53 89144.78
0.00 92.51 1482.84 6948.09 20634.98 46345.13 88227.49
0.00 91.30 1445.58 7269.13 21386.76 47968.69 91896.68
0.00 105.20 1549.90 7521.37 22008.92 49297.05 95732.66
0.00 89.48 1531.27 7223.27 21049.76 47181.51 89561.74
0.00 84.65 1445.58 7292.06 21749.69 47968.69 92980.76
0.00 88.88 1486.57 7326.46 21516.38 47771.89 92230.24
0.01 84.04 1374.79 6982.49 21231.22 48805.06 93481.11
0.01 111.25 1535.00 7647.49 21931.15 49051.06 92563.81
0.00 0.00 0.00 11.47 51.85 344.39 833.91
0.00 85.86 1393.42 7005.42 20764.60 47181.51 89728.52
0.01 93.72 1542.45 7177.40 21153.45 46935.51 91062.77
0.01 112.46 1669.13 7830.94 22916.24 51215.80 97817.43
0.01 92.51 1438.13 6971.03 20790.52 46886.31 91646.51
0.00 82.83 1389.70 6799.04 19960.98 46492.73 89311.57
0.01 104.60 1564.81 7647.49 22190.38 49297.05 93481.11
0.00 104.00 1520.10 7165.94 20816.45 46886.31 89978.69
0.01 100.37 1512.65 6948.09 20427.60 45902.34 87893.92
0.00 99.16 1561.08 7200.34 20738.68 47132.31 90645.82
0.00 97.34 1434.41 6799.04 19883.21 44967.57 87810.53
0.01 88.88 1441.86 7085.68 20712.75 46886.31 89895.30
0.00 108.83 1564.81 7486.97 21568.22 48116.28 91396.34
0.01 88.28 1374.79 6925.16 20401.67 47624.29 91146.16
0.01 93.72 1445.58 7131.54 21257.14 48313.08 91646.51
0.01 80.42 1389.70 6948.09 20194.29 46049.94 87476.97
0.01 92.51 1445.58 7280.59 21101.60 48805.06 91646.51
0.01 100.37 1616.97 7475.51 22345.92 50330.22 94898.75
0.01 102.18 1482.84 6948.09 21049.76 47575.10 90062.08
0.00 101.58 1494.02 7165.94 20894.22 48263.88 91813.29
0.00 91.30 1378.52 6661.46 19468.43 45065.96 86893.23
0.01 111.25 1564.81 7337.92 21749.69 48509.87 92647.20
0.01 100.97 1508.92 7188.87 20764.60 46886.31 89645.13
0.00 91.30 1426.95 6730.25 20712.75 46984.71 90312.26
0.02 113.07 1557.35 7418.18 21671.92 48657.47 93564.50
0.01 106.41 1494.02 7188.87 21360.84 48313.08 92897.37
0.01 90.09 1397.15 7257.66 21594.15 49690.64 94481.80
0.00 94.32 1505.19 7234.73 21179.37 47624.29 90729.21
0.01 107.62 1546.18 7292.06 21308.99 47968.69 90228.87
0.00 97.95 1471.66 7223.27 20946.06 47821.09 91229.56
0.01 98.55 1479.11 7292.06 20997.91 47821.09 92063.46
0.02 117.30 1654.22 7658.96 22553.31 50969.80 97400.48
0.01 103.39 1494.02 7292.06 21127.53 46345.13 90228.87
0.00 81.62 1430.68 6936.63 20246.13 45656.35 87560.36
0.01 96.14 1482.84 7074.22 21697.84 48608.27 91813.29
0.00 91.90 1445.58 7016.89 20971.99 46738.72 91229.56
0.02 110.65 1628.14 8071.71 22838.47 50773.01 96983.52
0.01 93.72 1453.03 7165.94 20816.45 48116.28 90979.38
0.00 92.51 1505.19 7337.92 21205.30 48067.08 92063.46
0.00 99.76 1538.73 7200.34 21101.60 47624.29 90895.99
0.00 94.93 1333.81 6661.46 19727.67 45459.55 89728.52
0.00 101.58 1542.45 7280.59 20712.75 46837.12 90145.47
0.01 105.81 1561.08 7532.84 22138.54 49592.24 93564.50
0.01 82.23 1374.79 6638.53 20064.67 44819.97 86726.45
0.00 100.97 1467.94 6913.70 20816.45 46197.53 88227.49
0.01 109.44 1631.87 7613.09 22786.62 50625.41 95482.49
0.01 84.65 1419.50 7051.28 20064.67 45656.35 88060.70
0.01 98.55 1531.27 6890.77 19935.05 45065.96 87226.80
0.01 110.65 1613.24 7762.15 22734.77 50379.42 95816.05
0.00 113.67 1564.81 7303.53 21438.61 46984.71 91146.16
0.01 117.30 1646.77 7658.96 22371.85 49543.04 95065.53
0.01 101.58 1538.73 7372.32 22164.46 49297.05 94398.41
0.01 112.46 1602.06 7716.28 21905.23 49297.05 93230.93
0.01 105.81 1594.61 7647.49 22242.23 49739.84 94648.58
0.00 85.86 1430.68 6948.09 20142.44 45410.36 89228.18
0.01 114.27 1639.32 7693.35 22345.92 49789.04 93731.28
0.01 123.34 1672.85 7314.99 21075.68 47722.69 91813.29
0.01 114.27 1590.89 7567.23 21697.84 47968.69 90312.26
0.00 98.55 1456.76 7051.28 20946.06 47083.11 89394.96
0.01 87.67 1400.87 6776.11 20116.52 45508.75 88394.27
0.00 99.16 1594.61 7452.58 21568.22 48559.07 91229.56
0.01 97.34 1553.63 7509.90 21983.00 49395.45 94815.36
0.00 97.34 1549.90 7154.47 21205.30 47722.69 92230.24
0.00 78.60 1385.97 7211.80 21568.22 48608.27 93397.72
0.01 104.00 1348.71 6466.54 19857.28 45557.95 86893.23
0.01 90.69 1456.76 6810.51 20505.37 46295.93 88978.00
0.01 85.25 1404.60 6867.84 20375.75 46886.31 90812.60
0.01 108.23 1523.82 7165.94 21231.22 48657.47 93564.50
0.01 107.62 1516.37 7269.13 21023.83 46787.92 90479.04
0.00 108.23 1590.89 7337.92 21879.30 48165.48 92397.03
0.00 99.76 1572.26 7349.39 20971.99 48608.27 91563.12
0.01 99.16 1564.81 7349.39 21101.60 48313.08 91312.95
0.00 102.18 1494.02 7555.77 21568.22 48559.07 91646.51
0.01 104.00 1572.26 7120.08 20738.68 45557.95 88978.00
0.00 91.30 1520.10 7223.27 20868.29 46787.92 89228.18
0.01 105.20 1691.48 7979.99 22682.93 50576.21 96816.74
0.01 90.69 1501.47 7464.04 21775.61 49395.45 93397.72
0.00 111.25 1531.27 7498.44 22138.54 47968.69 89895.30
0.00 100.37 1598.34 7280.59 21231.22 47083.11 89144.78
0.01 89.48 1516.37 7303.53 21723.76 49247.85 92730.59
0.00 95.53 1412.05 6867.84 21205.30 46738.72 88394.27
0.01 92.51 1445.58 6948.09 20660.91 47821.09 89478.35
0.01 114.88 1568.53 7475.51 21490.45 48854.26 92813.98
0.00 84.65 1486.57 7097.15 21308.99 47575.10 90228.87
0.01 90.69 1490.29 7154.47 20842.37 46689.52 87643.75
0.00 108.83 1613.24 7532.84 22216.31 49346.25 94064.84
0.00 107.02 1583.43 7555.77 22631.08 49789.04 94898.75
0.00 74.37 1363.62 6776.11 19598.05 44770.77 85975.93
0.01 107.62 1449.31 7223.27 21905.23 49543.04 94231.62
0.01 91.90 1501.47 6982.49 21179.37 47427.50 89228.18
0.01 78.00 1412.05 7051.28 21386.76 47132.31 89645.13
0.00 110.04 1646.77 7716.28 23019.93 50133.43 94231.62
0.00 26.60 901.63 6111.11 19131.43 44573.98 84391.51
0.00 99.76 1471.66 7303.53 21386.76 47870.29 91646.51
0.01 110.65 1594.61 7532.84 21516.38 48165.48 90062.08
0.00 79.81 1423.23 6833.44 21049.76 46689.52 88477.66
0.01 108.83 1512.65 7085.68 21412.68 47181.51 88894.61
0.00 32.65 1113.99 6363.35 19416.59 45508.75 87560.36
0.00 21.16 938.88 6030.85 19546.20 46148.33 87643.75
0.00 18.14 461.99 4895.77 17679.72 43639.20 87476.97
0.00 96.74 1516.37 7211.80 21360.84 48067.08 90979.38
0.00 84.65 1460.49 7154.47 20842.37 47230.71 89228.18
0.00 2.42 137.85 1295.60 6921.53 27649.64 68380.47
0.00 70.74 1535.00 7234.73 22294.08 49543.04 93147.54
0.01 52.60 1326.36 6833.44 20738.68 47279.90 90312.26
0.01 103.39 1706.38 7853.87 22553.31 49297.05 91980.07
0.00 39.91 1233.22 6707.32 21179.37 46345.13 90145.47
0.00 1.81 67.06 676.46 4718.05 20565.04 59124.09
0.00 66.51 1456.76 7567.23 22190.38 50281.02 95315.71
0.00 15.72 644.55 5216.80 17705.64 43294.81 87310.19
0.00 14.51 931.43 5732.75 18690.73 44180.39 85225.42
0.00 11.49 596.12 5434.65 18483.34 44819.97 87310.19
0.00 15.12 663.18 5549.30 18794.43 45410.36 89728.52
0.00 0.00 0.00 0.00 0.00 0.00 0.00
0.00 0.00 0.00 0.00 0.00 0.00 0.00
0.00 0.60 14.90 206.38 881.39 3197.91 12091.67
0.00 0.60 63.34 504.48 2799.72 12053.67 46448.69
0.00 5.44 216.09 2568.27 14672.61 39408.12 84391.51
0.00 0.00 0.00 0.00 0.00 0.00 0.00
0.00 0.00 0.00 0.00 0.00 0.00 0.00
0.00 0.00 0.00 0.00 0.00 0.00 0.00
0.00 0.60 11.18 126.12 544.39 1869.55 6587.87
0.00 0.00 0.00 0.00 0.00 0.00 0.00
0.00 7.26 238.45 2981.03 15191.08 40736.48 82390.13
0.00 0.60 7.45 22.93 181.46 934.77 2501.72
0.00 0.60 11.18 114.66 622.16 2558.33 10340.46
0.00 0.00 0.00 0.00 0.00 0.00 0.00
0.00 0.00 11.18 80.26 362.93 1377.56 4252.93
0.00 1.81 18.63 149.05 570.31 1771.15 4669.89
0.00 0.00 14.90 114.66 622.16 1475.96 4086.15
0.00 0.00 14.90 91.72 648.08 1967.95 5003.45
0.00 0.00 0.00 34.40 285.16 1328.36 4336.32
0.00 0.60 7.45 57.33 492.54 1721.95 4836.67
0.00 0.00 18.63 171.98 829.55 3591.50 11424.54
0.00 0.00 7.45 57.33 233.31 1131.57 3419.02
0.00 1.21 22.35 160.52 648.08 1771.15 4086.15
0.00 0.00 0.00 0.00 0.00 0.00 0.00
0.00 1.81 18.63 126.12 570.31 1869.55 5337.01
0.00 0.00 0.00 0.00 0.00 0.00 0.00
0.00 0.00 0.00 57.33 518.47 1869.55 4586.50
0.00 0.00 0.00 0.00 0.00 0.00 0.00
0.00 0.60 7.45 114.66 388.85 1082.37 2585.12
0.00 0.00 0.00 45.86 311.08 1180.77 3168.85
0.00 0.00 7.45 103.19 362.93 1229.97 3585.81
0.00 0.60 14.90 80.26 311.08 1033.17 2501.72
0.00 0.00 18.63 103.19 362.93 1180.77 3252.24
0.00 0.00 11.18 80.26 362.93 885.58 2918.68
0.00 0.00 3.73 57.33 337.00 1082.37 2751.90
0.00 0.00 7.45 80.26 233.31 885.58 3085.46
0.00 0.00 0.00 0.00 0.00 0.00 0.00
0.00 1.21 11.18 103.19 337.00 983.97 2835.29
0.00 0.00 11.18 91.72 233.31 787.18 2585.12
0.00 3.02 74.51 355.43 1607.25 5313.45 15177.13
0.00 0.00 18.63 149.05 674.01 2410.73 6754.66
0.00 0.60 14.90 114.66 518.47 2115.54 5587.18
0.00 0.00 14.90 91.72 440.70 2066.34 5253.62
0.00 0.60 7.45 68.79 388.85 1229.97 2501.72
0.00 0.60 11.18 103.19 751.78 2312.34 6170.92
0.00 0.00 0.00 0.00 0.00 0.00 0.00
0.00 3.02 44.71 275.17 985.09 3247.11 9006.21
0.00 1.21 55.89 389.83 2359.02 8363.77 24850.46
0.00 0.00 7.45 80.26 570.31 2066.34 5587.18
0.00 2.42 37.26 321.03 1788.71 6100.63 17428.68
0.00 0.00 0.00 0.00 0.00 0.00 0.00
0.00 0.60 108.05 733.79 3862.58 16284.75 47032.42
0.00 0.60 40.98 321.03 1659.09 4673.87 13008.97
0.00 0.60 14.90 194.91 1062.86 3739.10 10757.42
0.00 0.00 0.00 0.00 0.00 0.00 0.00
0.00 3.02 33.53 343.97 1762.79 5854.64 15677.47
0.00 0.60 18.63 309.57 1788.71 5264.26 17095.12
0.00 1.21 81.97 779.65 3603.34 13923.22 42445.93
0.01 2.42 55.89 355.43 1866.48 6986.21 19179.89
0.00 4.23 108.05 699.40 4303.28 20023.85 49200.58
0.00 0.60 22.35 309.57 1710.94 5411.85 14343.22
0.00 3.63 119.22 1937.67 10447.11 28781.21 57122.71
0.00 3.63 145.30 1834.48 10006.41 26911.66 54620.99
0.00 3.02 96.87 871.38 4795.82 20614.23 47449.38
0.00 0.60 22.35 229.31 1296.17 4821.47 13592.70
0.00 10.28 398.65 4058.79 13402.37 31241.14 60875.30
0.00 1.81 141.58 1547.84 8606.55 24746.92 53119.95
0.00 3.02 100.59 1330.00 8476.93 24697.72 52202.65
0.00 4.23 182.56 2258.70 11328.50 27452.85 54787.77
0.00 16.32 648.28 4276.63 13013.52 29863.58 57289.49
0.00 19.95 707.89 4368.36 13169.06 29814.38 55955.24
0.00 13.30 678.08 4391.29 13557.91 30552.36 60124.78
0.00 7.86 257.08 2935.17 12443.21 29715.99 57956.62
0.00 40.51 1032.03 4838.44 13428.29 29322.40 55621.68
0.00 8.46 216.09 2786.12 11691.43 29420.79 57289.49
0.00 26.00 983.59 5021.89 14361.53 31044.35 60291.56
0.00 16.32 458.26 3749.22 12391.36 27600.44 52953.17
0.00 30.23 938.88 4918.70 13868.99 31044.35 58873.92
0.00 9.07 391.20 3554.31 11924.74 28092.43 55288.11
0.00 25.39 879.27 4746.72 13817.14 30798.36 57539.66
0.00 9.07 339.04 3256.20 11198.88 27059.26 54287.42
0.00 18.74 711.61 4058.79 12702.44 28584.42 54787.77
0.00 38.70 1005.95 4769.65 13713.45 30109.57 57623.06
0.01 100.37 1285.38 5503.44 15372.54 32520.31 60041.39
0.00 8.46 271.98 2740.26 10706.34 27354.45 52869.78
0.00 58.65 1173.60 5182.41 14646.69 32717.10 60708.52
0.00 42.93 1009.67 4907.24 13765.30 30503.16 56538.97
0.01 97.34 1341.26 5641.03 15372.54 32372.71 60458.34
0.00 82.83 1251.84 5388.79 14931.85 31585.53 59958.00
0.00 91.30 1277.92 5457.58 14724.46 31536.34 58206.79
0.01 85.86 1214.59 5136.55 14024.53 30552.36 57789.84
0.01 81.62 1192.23 5056.29 13998.61 30552.36 56955.93
0.00 91.30 1300.28 5400.25 14517.07 32077.52 60291.56
0.00 97.34 1371.07 5663.96 15554.01 33947.07 64044.15
0.00 90.69 1304.00 5641.03 15579.93 33897.87 62626.50
0.02 117.90 1382.25 5813.01 16409.48 34881.84 63210.24
0.00 86.46 1259.30 5663.96 15424.39 33405.88 61625.81
0.00 85.25 1169.88 5526.37 15450.31 33159.89 60541.73
0.01 113.67 1501.47 6432.15 16850.17 36111.81 66379.09
0.01 107.02 1419.50 6030.85 16772.40 35275.43 65878.75
0.00 74.37 1158.70 5377.32 15035.54 32421.91 61125.47
0.00 87.07 1199.68 5618.10 15450.31 32717.10 60625.12
0.01 92.51 1363.62 5950.60 16202.09 35275.43 65795.36
0.01 79.21 1192.23 5709.82 16150.24 34586.65 64377.71
0.00 84.04 1214.59 5365.86 15139.23 32520.31 60374.95
0.00 66.51 1151.25 5503.44 15165.16 33553.48 62459.72
0.00 71.35 1154.98 5193.87 14983.69 32864.70 61625.81
0.01 85.25 1125.17 4918.70 13661.60 30847.55 57706.45
0.00 58.04 987.32 4471.55 12832.06 29863.58 57206.10
0.00 52.00 849.47 4047.32 12339.51 27895.64 52869.78
0.00 27.21 823.39 3989.99 12054.36 27698.84 54537.60
0.00 38.09 920.25 4563.27 13117.21 29912.78 57956.62
0.00 38.09 789.85 3978.53 11769.20 26173.68 53119.95
0.00 42.93 901.63 4139.05 12054.36 26714.87 51869.09
0.00 39.91 808.48 3623.10 10861.88 24992.91 50117.88
0.00 39.91 793.58 3852.41 11172.96 26272.08 51618.92
0.00 24.79 711.61 3451.12 10576.72 24451.73 47616.16
0.00 19.95 674.36 3393.79 9824.95 22828.17 45364.61
0.00 19.35 674.36 3416.72 10343.41 23615.35 46448.69
0.00 14.51 614.75 3347.93 9850.87 22975.77 44947.65
0.00 41.11 812.21 3852.41 10887.80 23467.76 47449.38
0.00 20.56 674.36 3244.74 9099.09 21647.41 44030.35
0.00 29.63 707.89 3588.70 10213.80 23172.56 43946.96
0.00 6.05 327.86 2682.93 8502.86 20269.84 39443.86
0.00 24.79 767.50 3783.62 10913.73 25042.11 47699.55
0.00 4.84 443.36 2969.57 9487.94 21253.82 41695.41
0.00 7.26 443.36 2923.70 8891.71 20073.05 39777.42
0.00 32.65 707.89 3175.94 9150.94 21057.02 41111.67
0.00 26.60 715.34 3221.81 8917.63 20565.04 39610.64
0.00 17.53 614.75 3302.06 9358.33 21204.62 40861.50
0.00 17.53 666.91 2958.10 8451.01 18695.49 36358.40
0.00 6.05 372.57 2843.44 8580.63 19187.47 37108.91
0.00 5.44 275.70 2533.88 7751.08 18154.30 35190.93
0.00 4.23 167.66 1868.88 7491.85 17465.52 33856.67
0.00 4.23 137.85 2166.98 7958.47 18055.91 34940.75
0.00 2.42 44.71 378.36 2384.95 11906.07 28853.22
0.00 6.65 242.17 2270.17 7751.08 17662.32 34106.84
0.00 46.56 771.23 3153.01 8269.55 18449.49 36024.83
0.00 0.60 67.06 527.41 2981.18 13529.63 30270.87
0.00 4.84 480.62 2831.98 7802.93 17563.92 33106.15
0.00 14.51 596.12 3038.36 8139.93 17613.12 34106.84
0.00 3.02 59.61 1020.43 5988.29 15595.97 29937.30
0.00 10.88 543.96 2694.39 7673.31 16776.74 31855.29
0.00 0.00 55.89 550.34 4588.43 15497.58 33439.72
0.00 1.21 26.08 321.03 2099.79 11020.50 26434.89
0.00 22.37 640.83 2820.51 7777.00 16875.14 31104.78
0.00 0.00 40.98 447.15 4147.74 13480.43 29020.00
0.00 0.00 7.45 126.12 985.09 4919.87 21264.66
0.00 0.60 14.90 149.05 1192.47 8708.16 24767.07
0.00 1.21 26.08 240.78 1322.09 7970.18 25350.81
0.00 5.44 171.38 2453.62 7725.16 17563.92 32772.59
0.00 0.00 22.35 91.72 725.85 2410.73 10090.29
0.00 0.00 78.24 1112.15 6714.15 16038.76 30854.60
0.00 15.12 730.24 3382.32 8710.24 18646.29 33773.28
0.00 0.00 18.63 149.05 881.39 3689.90 15760.86
0.00 0.60 18.63 149.05 777.70 3591.50 14259.83
0.00 0.00 18.63 286.64 1996.10 10577.71 25851.15
0.00 1.21 14.90 149.05 1166.55 5264.26 22765.69
0.00 0.00 3.73 126.12 777.70 3985.09 18762.93
0.00 1.81 219.82 2419.22 7647.39 16235.55 29353.57
0.00 52.60 871.82 3565.77 9047.25 18547.89 33689.89
0.00 1.81 130.40 1628.10 6558.61 16137.16 30437.65
0.00 1.21 18.63 252.24 2073.87 11266.49 24183.34
0.00 17.53 577.49 2843.44 8114.01 16825.94 30104.09
0.00 10.88 558.86 2935.17 8088.08 16579.95 30104.09
0.00 10.88 339.04 2797.58 8347.32 17367.12 31438.34
0.00 65.90 801.03 3244.74 8580.63 17317.93 30521.04
0.00 6.05 208.64 2029.39 7051.15 15497.58 28519.66
0.00 25.39 700.44 2981.03 7751.08 16087.96 28603.05
0.00 2.42 141.58 1479.05 6791.92 15940.36 29270.18
0.01 75.58 864.37 3336.46 8451.01 16924.34 31188.17
0.00 22.98 640.83 3038.36 8321.39 17121.13 30937.99
0.00 70.14 812.21 3279.13 8425.09 16924.34 30187.48
0.01 71.35 868.09 3519.91 9099.09 18154.30 32188.86
0.00 64.09 804.76 3290.60 8295.47 16973.53 29770.52
0.00 70.14 715.34 2820.51 7569.62 15841.97 28352.88
0.00 65.90 812.21 3130.08 7906.62 16383.15 29436.96
0.00 22.98 663.18 2935.17 8010.31 17170.33 30687.82
0.00 66.51 812.21 3187.41 8217.70 16579.95 29270.18
0.01 70.74 774.95 3015.43 7414.08 15448.38 28019.31
0.00 82.83 890.45 3382.32 8710.24 17908.31 32188.86
0.01 81.62 905.35 3600.17 9021.32 18547.89 33773.28
0.01 78.60 912.80 3382.32 8684.32 17465.52 31688.51
0.01 76.79 894.17 3370.86 8554.70 18105.10 32105.47
0.00 70.74 804.76 3026.89 7802.93 16383.15 29436.96
0.00 68.93 819.66 3290.60 8295.47 17170.33 31438.34
0.00 68.93 815.93 3187.41 8010.31 16530.75 29937.30
0.00 63.49 812.21 3221.81 8010.31 16629.14 29770.52
0.00 13.91 502.97 2648.53 7362.23 15989.56 29186.79
0.00 46.56 756.32 3153.01 8191.78 17170.33 32272.25
0.00 2.42 63.34 825.52 5677.21 15103.99 28519.66
0.00 12.09 588.67 2912.24 8010.31 17121.13 31855.29
0.00 3.63 156.48 1937.67 7232.61 15694.37 29270.18
0.00 0.00 0.00 0.00 0.00 0.00 0.00
0.00 0.00 0.00 0.00 0.00 0.00 0.00
0.00 0.00 0.00 0.00 0.00 0.00 0.00
0.00 1.21 26.08 206.38 1762.79 11561.68 27769.14
0.00 0.00 0.00 0.00 0.00 0.00 0.00
0.00 0.00 7.45 57.33 259.23 885.58 2501.72
0.00 0.00 3.73 45.86 259.23 590.38 1584.43
0.00 0.60 7.45 57.33 207.39 737.98 2084.77
0.00 0.60 11.18 57.33 155.54 393.59 1501.03
0.00 1.21 7.45 68.79 207.39 885.58 2418.33
0.00 0.00 0.00 0.00 0.00 0.00 0.00
0.00 0.00 7.45 57.33 285.16 590.38 1584.43
0.00 1.21 7.45 22.93 103.69 245.99 1000.69
0.00 0.00 3.73 34.40 103.69 442.79 1084.08
0.00 0.60 7.45 34.40 129.62 393.59 1167.47
0.00 0.00 0.00 11.47 129.62 442.79 833.91
0.00 0.60 7.45 22.93 103.69 245.99 750.52
0.00 0.00 0.00 0.00 0.00 0.00 0.00
0.00 0.00 7.45 22.93 181.46 393.59 1250.86
0.00 0.00 0.00 0.00 0.00 0.00 0.00
0.00 0.60 3.73 11.47 25.92 196.79 833.91
0.00 0.00 3.73 34.40 285.16 787.18 2334.94
0.00 0.00 3.73 22.93 207.39 787.18 1667.82
0.00 0.60 7.45 34.40 285.16 934.77 1917.99
0.00 0.00 3.73 34.40 181.46 541.19 1584.43
0.00 0.00 3.73 57.33 155.54 787.18 1917.99
0.00 0.00 0.00 0.00 0.00 0.00 0.00
0.00 0.00 3.73 80.26 259.23 639.58 1917.99
0.00 0.00 0.00 45.86 181.46 688.78 2001.38
0.00 0.00 0.00 0.00 0.00 0.00 0.00
0.00 0.00 0.00 0.00 0.00 0.00 0.00
0.00 0.00 7.45 68.79 233.31 639.58 1501.03
0.00 0.00 3.73 45.86 285.16 1033.17 3252.24
0.00 0.00 0.00 0.00 0.00 0.00 0.00
0.00 0.00 0.00 0.00 0.00 0.00 0.00
0.00 0.00 0.00 0.00 0.00 0.00 0.00
0.00 0.00 0.00 0.00 0.00 0.00 0.00
0.00 0.60 7.45 45.86 155.54 688.78 2001.38
0.00 0.00 0.00 0.00 103.69 787.18 1917.99
0.00 0.00 3.73 45.86 233.31 787.18 2251.55
0.00 0.00 7.45 57.33 285.16 836.38 2501.72
0.00 0.00 7.45 91.72 259.23 836.38 2501.72
0.00 0.00 11.18 91.72 311.08 983.97 2168.16
0.00 0.60 11.18 171.98 492.54 1279.16 3419.02
0.00 0.00 0.00 0.00 0.00 0.00 0.00
0.00 0.00 0.00 45.86 337.00 885.58 2835.29
0.00 0.00 7.45 68.79 311.08 1279.16 2918.68
0.00 0.00 0.00 0.00 0.00 0.00 0.00
0.00 0.00 0.00 0.00 0.00 0.00 0.00
0.00 0.00 11.18 45.86 570.31 1771.15 3835.98
0.00 0.00 22.35 126.12 596.24 1426.76 3669.20
0.00 0.00 7.45 91.72 388.85 1229.97 3835.98
0.00 0.00 14.90 126.12 596.24 1918.75 4586.50
0.00 0.00 11.18 137.59 518.47 1820.35 4586.50
0.00 0.00 22.35 149.05 622.16 1771.15 4252.93
0.00 0.60 11.18 103.19 466.62 1525.16 4252.93
0.00 0.00 11.18 91.72 544.39 1918.75 4086.15
0.00 0.60 18.63 149.05 674.01 2410.73 5920.75
0.00 1.21 29.81 137.59 725.85 2213.94 5337.01
0.00 2.42 33.53 252.24 985.09 2213.94 5086.84
0.00 0.60 26.08 171.98 622.16 2164.74 5420.40
0.00 1.81 26.08 206.38 674.01 2066.34 5086.84
0.00 0.60 18.63 194.91 959.16 2558.33 6004.14
0.00 0.60 29.81 114.66 829.55 2066.34 5003.45
0.00 0.60 18.63 171.98 725.85 2459.93 5837.36
0.00 1.81 37.26 194.91 907.32 2902.72 6921.44
0.00 2.42 37.26 263.71 907.32 2263.14 5670.58
0.00 0.60 40.98 286.64 1062.86 2361.54 5670.58
0.00 0.00 52.16 366.90 1373.94 3493.10 7505.17
0.00 1.21 37.26 332.50 1348.01 4034.29 8839.43
0.00 1.81 29.81 206.38 959.16 2755.12 6504.48
0.00 1.21 26.08 183.45 777.70 2558.33 6504.48
0.00 0.60 18.63 194.91 648.08 2410.73 6170.92
0.00 1.21 29.81 206.38 1218.40 3394.71 8005.52
0.00 1.21 33.53 263.71 907.32 2558.33 5837.36
0.00 1.81 33.53 229.31 1114.70 3345.51 7421.78
0.00 1.21 48.43 298.10 1088.78 2951.92 6337.70
0.00 0.60 29.81 263.71 881.39 2459.93 6337.70
0.00 0.60 29.81 263.71 933.24 2459.93 5587.18
0.00 2.42 52.16 355.43 1062.86 2459.93 6838.05
0.00 0.00 18.63 160.52 959.16 2755.12 6504.48
0.00 1.21 33.53 206.38 751.78 2115.54 5753.97
0.00 0.00 0.00 0.00 0.00 0.00 0.00
0.00 0.00 3.73 68.79 518.47 2164.74 5670.58
0.00 0.00 11.18 149.05 725.85 2017.14 5587.18
0.00 0.60 37.26 229.31 777.70 2656.73 7505.17
0.00 0.60 7.45 91.72 648.08 2164.74 5587.18
0.00 0.60 22.35 171.98 699.93 1820.35 4753.28
0.00 0.00 18.63 149.05 570.31 2361.54 5837.36
0.00 0.60 18.63 149.05 803.62 2607.53 6754.66
0.00 0.00 22.35 194.91 777.70 2410.73 5920.75
0.00 0.60 26.08 229.31 907.32 3345.51 8172.30
0.00 0.00 0.00 80.26 648.08 2017.14 5587.18
0.00 0.60 7.45 91.72 648.08 2115.54 5086.84
0.00 0.00 11.18 137.59 648.08 2509.13 6087.53
0.00 1.21 18.63 149.05 466.62 2164.74 5920.75
0.00 0.00 11.18 114.66 518.47 1475.96 4252.93
0.00 1.81 18.63 183.45 648.08 1918.75 6254.31
0.00 0.00 7.45 91.72 570.31 2115.54 6838.05
0.00 0.60 3.73 114.66 725.85 2115.54 7338.39
0.00 0.60 14.90 160.52 751.78 2804.32 12925.58
0.00 2.42 22.35 183.45 1036.93 4969.06 20680.92
0.00 0.60 18.63 183.45 1011.01 5953.04 19263.28
0.00 0.60 40.98 252.24 1140.63 5707.04 19346.67
0.00 0.00 0.00 0.00 0.00 0.00 0.00
0.00 62.28 637.10 2258.70 5651.29 11561.68 21514.83
0.00 1.81 26.08 217.84 1685.02 9101.75 20764.31
0.00 3.63 115.50 1570.77 5003.21 11118.90 21348.05
0.00 53.21 692.99 2465.08 6195.68 12496.46 22682.30
0.00 66.51 678.08 2407.76 5884.60 12201.27 22849.08
0.02 71.35 625.92 2201.38 5547.60 11512.48 21014.49
0.02 73.16 719.07 2476.55 6117.91 12348.86 22015.18
0.02 68.93 622.20 2235.77 5314.29 11020.50 19763.62
0.00 63.49 663.18 2430.69 5988.29 12348.86 22348.74
0.03 75.58 741.42 2579.74 6273.45 12644.05 23266.04
0.02 68.32 637.10 2293.10 5599.44 11856.87 21348.05
0.01 58.65 599.84 2201.38 5392.06 10676.11 19430.06
0.00 64.09 599.84 2132.58 5210.59 10626.91 18846.32
0.01 71.95 681.81 2327.50 5858.68 11807.68 21598.22
0.00 59.25 611.02 2304.57 5625.37 11758.48 21681.61
0.02 67.11 611.02 2189.91 5340.21 10577.71 19680.23
0.02 65.30 633.37 2166.98 5469.83 11118.90 20597.53
0.00 69.53 748.87 2648.53 6480.84 13529.63 24683.68
0.01 52.60 577.49 2040.86 5106.90 10971.30 19930.41
0.01 65.90 633.37 2293.10 5599.44 11315.69 21181.27
0.02 64.69 599.84 2212.84 5417.98 10971.30 19847.01
0.01 1.81 26.08 126.12 907.32 5165.86 16344.60
0.00 0.60 44.71 733.79 4355.12 10085.72 19680.23
0.00 0.60 7.45 103.19 1425.78 7035.41 16678.16
0.00 1.21 14.90 126.12 1140.63 7576.59 17845.64
0.00 1.21 18.63 240.78 1348.01 7724.19 17095.12
0.00 1.81 115.50 1639.57 5314.29 11758.48 22515.52
0.00 0.00 0.00 0.00 0.00 0.00 0.00
0.00 0.60 11.18 114.66 596.24 1967.95 7338.39
0.00 0.00 0.00 0.00 0.00 0.00 0.00
0.00 1.21 11.18 126.12 570.31 3788.30 15594.08
0.00 0.00 3.73 126.12 466.62 1525.16 4920.06
0.00 0.60 3.73 91.72 337.00 983.97 2918.68
0.00 1.21 7.45 126.12 622.16 1721.95 7088.22
0.00 0.00 0.00 22.93 233.31 787.18 3168.85
0.00 0.00 0.00 0.00 0.00 0.00 0.00
0.00 0.00 0.00 45.86 440.70 1180.77 3669.20
0.00 0.00 7.45 68.79 596.24 1574.36 3585.81
0.00 0.00 0.00 22.93 285.16 1229.97 3252.24
0.00 0.00 0.00 0.00 0.00 0.00 0.00
0.00 1.81 26.08 114.66 388.85 1229.97 3252.24
0.00 0.00 7.45 57.33 259.23 934.77 2668.51
0.00 0.00 11.18 68.79 311.08 1180.77 2918.68
0.00 0.00 3.73 45.86 233.31 885.58 2585.12
0.00 0.60 7.45 80.26 311.08 1082.37 2751.90
0.00 0.00 0.00 45.86 440.70 1525.16 4002.76
0.00 0.00 3.73 45.86 492.54 1279.16 3419.02
0.00 0.60 11.18 126.12 518.47 1525.16 3669.20
0.00 0.00 7.45 91.72 362.93 1033.17 2751.90
0.00 0.00 7.45 80.26 440.70 1475.96 3669.20
0.00 0.00 14.90 103.19 544.39 1377.56 3335.63
0.00 0.60 11.18 114.66 414.77 1082.37 3252.24
0.00 0.00 14.90 137.59 648.08 1820.35 3835.98
0.00 0.00 3.73 137.59 622.16 1721.95 4169.54
0.00 0.00 22.35 149.05 544.39 1574.36 3419.02
0.00 0.00 18.63 80.26 518.47 1525.16 4503.10
0.00 0.60 14.90 137.59 699.93 1869.55 3919.37
0.00 0.60 11.18 114.66 648.08 1820.35 5086.84
0.00 0.60 7.45 103.19 518.47 1475.96 3752.59
0.00 0.00 11.18 45.86 362.93 1180.77 3419.02
0.00 0.00 11.18 126.12 699.93 1918.75 4336.32
0.00 0.00 14.90 149.05 466.62 1377.56 3585.81
0.01 1.21 22.35 171.98 544.39 1771.15 4669.89
0.00 0.60 7.45 103.19 466.62 1426.76 3669.20
0.00 0.00 11.18 149.05 518.47 1771.15 4836.67
0.00 0.00 0.00 0.00 0.00 0.00 0.00
0.00 0.00 11.18 68.79 362.93 1377.56 3835.98
0.00 0.60 11.18 91.72 492.54 1377.56 3919.37
0.00 0.00 0.00 0.00 0.00 0.00 0.00
0.00 0.00 22.35 160.52 622.16 2164.74 5503.79
0.00 0.60 11.18 103.19 466.62 1279.16 3585.81
0.00 0.00 14.90 149.05 751.78 2361.54 5003.45
0.00 0.60 11.18 103.19 751.78 1820.35 4586.50
0.00 0.60 14.90 126.12 596.24 1918.75 4586.50
0.00 0.00 7.45 68.79 518.47 1623.56 4753.28
0.00 0.60 11.18 160.52 596.24 1623.56 4753.28
0.00 0.00 11.18 137.59 570.31 2066.34 4586.50
0.00 0.60 14.90 126.12 518.47 1672.75 4252.93
0.00 1.21 14.90 80.26 492.54 1869.55 5253.62
0.00 1.81 22.35 160.52 622.16 2066.34 5170.23
0.00 0.00 14.90 171.98 518.47 1820.35 4336.32
0.00 0.60 22.35 206.38 674.01 1869.55 4669.89
0.00 1.21 22.35 206.38 648.08 1918.75 5086.84
0.01 1.21 22.35 171.98 596.24 2115.54 5253.62
0.00 0.60 22.35 149.05 648.08 1672.75 4503.10
0.00 0.60 26.08 160.52 751.78 2017.14 4669.89
0.00 0.00 11.18 206.38 699.93 1869.55 4669.89
0.00 0.00 3.73 149.05 518.47 1475.96 3252.24
0.00 0.00 0.00 103.19 699.93 1967.95 5587.18
0.00 0.00 0.00 0.00 0.00 0.00 0.00
0.00 0.00 11.18 171.98 622.16 1820.35 4586.50
0.00 0.60 11.18 80.26 414.77 1131.57 3002.07
0.00 1.21 11.18 149.05 674.01 2312.34 6004.14
0.00 0.00 22.35 126.12 492.54 1918.75 4586.50
0.00 1.21 11.18 91.72 544.39 1672.75 5837.36
0.00 0.60 18.63 137.59 674.01 2017.14 5670.58
0.00 1.21 29.81 137.59 544.39 1721.95 6087.53
0.00 0.00 3.73 149.05 674.01 2509.13 12758.80
0.00 0.60 26.08 149.05 699.93 2804.32 11424.54
0.00 0.00 11.18 80.26 622.16 2755.12 9423.16
0.00 1.81 33.53 171.98 622.16 2558.33 11090.98
0.00 0.60 18.63 149.05 777.70 3050.32 13342.53
0.00 0.60 7.45 114.66 518.47 2705.93 12758.80
0.00 1.21 18.63 298.10 1892.40 7871.78 18095.81
0.00 1.21 29.81 183.45 777.70 3493.10 14926.96
0.00 17.53 465.72 1811.55 4614.36 9446.14 17428.68
0.00 0.00 14.90 137.59 751.78 5215.06 16511.38
0.00 3.02 40.98 217.84 933.24 3886.69 14676.78
0.00 0.00 0.00 0.00 0.00 0.00 0.00
0.00 0.60 11.18 194.91 1011.01 5510.25 14510.00
0.00 0.00 0.00 0.00 0.00 0.00 0.00
0.00 0.60 14.90 171.98 699.93 2755.12 14093.05
0.00 1.21 29.81 171.98 933.24 3001.12 12508.62
0.00 1.21 29.81 217.84 1425.78 7429.00 15927.65
0.00 0.60 14.90 171.98 622.16 1918.75 9256.38
0.00 0.60 7.45 68.79 466.62 1771.15 7755.35
0.00 1.21 14.90 149.05 699.93 2951.92 10757.42
0.00 0.60 11.18 126.12 544.39 1525.16 5170.23
0.00 0.60 3.73 91.72 518.47 1672.75 4419.71
0.00 0.00 7.45 80.26 518.47 2066.34 4836.67
0.00 0.00 22.35 206.38 699.93 2410.73 6254.31
0.00 0.00 26.08 149.05 699.93 2410.73 6254.31
0.00 1.21 22.35 183.45 725.85 1918.75 5503.79
0.00 0.00 7.45 45.86 388.85 1672.75 5003.45
0.00 1.21 18.63 194.91 674.01 2607.53 6921.44
0.00 0.60 22.35 126.12 674.01 2213.94 6170.92
0.00 0.00 11.18 114.66 596.24 2115.54 5337.01
0.00 0.00 14.90 126.12 570.31 2066.34 5503.79
0.00 1.21 14.90 126.12 544.39 1918.75 5253.62
0.00 0.00 0.00 34.40 362.93 1525.16 4169.54
0.00 0.00 3.73 80.26 337.00 1279.16 3669.20
0.00 0.00 0.00 80.26 337.00 1377.56 4002.76
0.00 0.60 11.18 57.33 285.16 1426.76 3919.37
0.00 0.00 3.73 103.19 466.62 1721.95 4503.10
0.00 0.00 11.18 91.72 544.39 1721.95 4252.93
0.00 0.00 7.45 91.72 440.70 1721.95 5170.23
0.00 0.60 14.90 126.12 544.39 1574.36 4503.10
0.00 0.00 11.18 80.26 285.16 1279.16 4002.76
0.00 0.00 3.73 114.66 622.16 2263.14 5670.58
0.00 0.00 14.90 114.66 518.47 1771.15 4086.15
0.00 1.21 29.81 149.05 492.54 1574.36 4169.54
0.00 0.00 3.73 114.66 725.85 2066.34 5837.36
0.00 0.00 14.90 114.66 440.70 1426.76 3919.37
0.00 0.60 11.18 126.12 544.39 1475.96 3919.37
0.00 0.00 0.00 0.00 0.00 0.00 0.00
0.00 0.60 29.81 206.38 777.70 2115.54 5753.97
0.00 1.21 18.63 103.19 622.16 1525.16 3835.98
0.00 0.60 11.18 80.26 596.24 1771.15 4252.93
0.00 0.00 22.35 183.45 725.85 1918.75 4669.89
0.00 0.00 7.45 91.72 674.01 1918.75 4753.28
0.00 0.00 0.00 0.00 0.00 0.00 0.00
0.00 0.00 11.18 91.72 544.39 1574.36 4252.93
0.00 0.60 7.45 126.12 881.39 2410.73 5920.75
0.00 0.60 22.35 149.05 492.54 1918.75 4336.32
0.00 1.21 22.35 114.66 777.70 2312.34 6337.70
0.00 0.00 11.18 103.19 648.08 1574.36 5003.45
0.00 0.60 26.08 171.98 622.16 2263.14 6004.14
0.00 0.60 18.63 126.12 648.08 1672.75 3835.98
0.00 1.21 26.08 217.84 699.93 1967.95 6504.48
0.00 0.00 14.90 57.33 388.85 1426.76 4086.15
0.00 0.00 22.35 114.66 570.31 1771.15 5253.62
0.00 0.60 14.90 160.52 725.85 2410.73 12675.40
0.00 1.21 26.08 183.45 881.39 2656.73 6254.31
0.00 0.00 14.90 171.98 570.31 1721.95 7671.96
0.00 0.00 14.90 183.45 751.78 2361.54 6087.53
0.00 0.00 14.90 149.05 777.70 2459.93 10257.07
0.00 0.00 33.53 171.98 855.47 2705.93 12341.84
0.00 0.00 18.63 183.45 596.24 2263.14 11174.37
0.00 0.00 0.00 0.00 0.00 0.00 0.00
0.00 1.21 22.35 194.91 803.62 2164.74 5003.45
0.00 0.00 14.90 160.52 648.08 2459.93 5753.97
0.00 0.60 29.81 206.38 622.16 1869.55 6254.31
0.00 0.00 33.53 183.45 699.93 2017.14 6004.14
0.00 0.00 22.35 103.19 388.85 1918.75 4753.28
0.00 0.00 3.73 114.66 518.47 1967.95 6087.53
0.00 1.21 18.63 114.66 570.31 2066.34 5587.18
0.00 0.00 11.18 114.66 544.39 2213.94 7671.96
0.00 0.60 22.35 114.66 492.54 2115.54 5503.79
0.00 0.00 33.53 149.05 699.93 2361.54 5920.75
0.00 0.00 14.90 126.12 674.01 2263.14 6087.53
0.00 1.81 29.81 183.45 855.47 2361.54 6087.53
0.00 0.60 7.45 114.66 622.16 1918.75 5170.23
0.00 0.00 7.45 80.26 492.54 1475.96 4753.28
0.00 1.21 11.18 126.12 544.39 1967.95 6421.09
0.00 0.60 7.45 160.52 725.85 2115.54 6170.92
0.00 0.00 11.18 126.12 596.24 2164.74 5086.84
0.00 0.00 18.63 137.59 622.16 2164.74 5503.79
0.00 0.00 7.45 103.19 440.70 1623.56 4419.71
0.00 0.00 3.73 160.52 622.16 1967.95 4836.67
0.00 0.60 7.45 80.26 440.70 1820.35 5086.84
0.00 0.00 14.90 137.59 596.24 2164.74 4836.67
0.00 1.21 29.81 194.91 803.62 2361.54 5587.18
0.00 0.00 18.63 114.66 466.62 1623.56 5420.40
0.00 0.60 18.63 183.45 699.93 2164.74 5086.84
0.00 0.60 18.63 149.05 725.85 2263.14 5420.40
0.00 1.21 14.90 68.79 570.31 1869.55 5420.40
0.00 0.60 11.18 194.91 751.78 2263.14 5587.18
0.00 0.60 18.63 114.66 466.62 2164.74 6170.92
0.00 0.00 11.18 80.26 518.47 2066.34 5086.84
0.00 0.60 33.53 217.84 751.78 2312.34 5420.40
0.00 0.00 11.18 103.19 544.39 1820.35 4419.71
0.00 0.00 7.45 91.72 674.01 2066.34 5837.36
0.00 1.21 18.63 160.52 777.70 2312.34 5670.58
0.00 0.00 18.63 171.98 699.93 2213.94 5503.79
0.00 1.21 26.08 160.52 777.70 2951.92 5837.36
0.00 0.00 11.18 160.52 699.93 2066.34 5253.62
0.00 1.21 11.18 126.12 725.85 2361.54 5837.36
0.00 0.00 22.35 171.98 881.39 2853.52 6421.09
0.00 0.60 14.90 183.45 855.47 2656.73 6087.53
0.00 0.00 7.45 137.59 674.01 2312.34 5587.18
0.00 0.00 14.90 183.45 1088.78 3001.12 7088.22
0.00 0.60 48.43 263.71 959.16 3197.91 7004.83
0.00 0.00 18.63 137.59 622.16 2410.73 6170.92
0.00 0.00 14.90 149.05 725.85 2213.94 5420.40
0.00 0.60 18.63 126.12 492.54 1967.95 4920.06
0.00 0.00 11.18 183.45 803.62 2213.94 5170.23
0.00 0.00 26.08 114.66 803.62 2558.33 5670.58
0.00 0.00 29.81 171.98 596.24 2066.34 4836.67
0.00 0.00 18.63 137.59 622.16 1771.15 4836.67
0.00 1.21 37.26 149.05 699.93 2115.54 5503.79
0.00 0.60 18.63 103.19 777.70 2115.54 5253.62
0.00 1.21 29.81 206.38 959.16 2607.53 6337.70
0.00 0.00 7.45 194.91 751.78 2607.53 11341.15
0.00 0.60 11.18 103.19 622.16 2017.14 9089.60
0.00 0.00 33.53 217.84 829.55 2656.73 8255.69
0.00 0.00 7.45 149.05 596.24 1869.55 6838.05
0.00 0.00 22.35 114.66 751.78 2509.13 8422.47
0.00 0.60 7.45 160.52 751.78 3001.12 12925.58
