0.01 104.00 1743.64 8851.37 27012.13 62826.68 127171.00
0.01 120.32 1885.22 9321.45 27452.82 64499.43 132257.84
0.01 140.27 1967.18 9424.64 28774.91 67106.96 133091.75
0.01 115.48 1728.74 8576.20 26830.66 62187.10 125836.74
0.02 114.27 1907.57 9011.89 27167.67 64056.64 129839.50
0.02 116.69 1818.16 8977.49 27971.29 65631.00 128755.42
0.02 117.30 1885.22 9436.11 28386.06 66122.99 132424.62
0.01 113.07 1747.37 8782.58 27063.97 63909.05 129005.60
0.01 91.30 1672.85 8725.25 27660.21 65385.01 131257.15
0.03 111.86 1713.84 8828.44 27375.05 64794.62 129088.99
0.00 124.55 1803.25 8690.85 27245.44 66172.19 131090.37
0.01 114.27 1747.37 8851.37 27556.52 65827.80 132341.23
0.01 117.90 1836.78 9023.35 27608.36 64794.62 129088.99
0.03 126.37 1885.22 9080.68 28748.99 66024.59 130590.02
0.02 102.18 1725.01 9000.42 28126.83 65286.61 131257.15
0.00 111.25 1736.19 8851.37 26389.97 62728.28 126754.04
0.01 113.67 1739.92 8897.23 27971.29 65631.00 131006.98
0.02 118.51 1866.59 8656.45 26571.43 62334.69 126754.04
0.02 104.60 1747.37 8461.54 26338.12 63466.26 125836.74
0.03 129.39 1825.61 8851.37 27945.37 65926.19 131840.88
0.02 119.11 1661.67 8530.33 26597.35 63072.67 127754.73
0.01 104.60 1650.50 8450.08 26986.20 63466.26 127921.52
0.02 110.65 1721.29 8794.04 27452.82 64745.43 130673.41
0.03 120.93 1773.45 9160.94 28152.75 66122.99 131840.88
0.01 117.90 1803.25 9275.59 27971.29 66910.17 132424.62
0.00 114.27 1743.64 8576.20 27271.36 65139.01 130673.41
0.01 107.02 1806.98 8851.37 27141.74 65729.40 130840.19
0.03 113.67 1732.46 9046.28 27997.21 65680.20 130256.46
0.01 132.41 1952.28 9653.95 28878.61 68927.31 136260.60
0.00 115.48 1855.41 9413.18 28489.76 65876.99 131674.10
0.03 112.46 1754.82 8564.73 26545.51 65237.41 131757.49
0.01 109.44 1762.27 9000.42 27971.29 67106.96 133425.31
0.01 131.81 2067.78 9481.97 28774.91 67451.35 135176.52
0.01 104.00 1862.86 9298.52 28230.52 68041.73 134426.00
0.03 128.79 1948.56 9722.75 29241.53 67549.75 136760.94
0.00 96.74 1684.03 8828.44 27841.67 66270.58 134259.22
0.00 61.07 1523.82 8702.32 27504.67 66467.38 132758.18
0.01 126.37 1926.20 8954.56 27763.90 66024.59 132674.79
0.04 134.83 2064.05 9894.73 30330.31 71485.64 140179.97
0.00 111.86 1795.80 8885.76 28593.45 68730.52 134592.78
0.02 121.53 1866.59 9367.32 29267.46 68484.52 136093.82
0.02 131.81 2023.07 9837.40 30382.16 70796.86 139429.45
0.01 127.58 1937.38 9585.16 28878.61 69714.49 137845.02
0.02 131.20 1885.22 9608.09 29293.38 68779.71 136010.42
0.03 129.99 1885.22 9470.51 28411.99 68435.32 135593.47
0.00 31.44 1363.62 8323.95 27115.82 66221.38 132841.57
0.03 138.46 1866.59 9436.11 30148.85 68533.72 135510.08
0.01 113.67 1818.16 9264.13 28645.30 68435.32 137094.51
0.00 65.90 1721.29 9057.75 28126.83 67943.34 135426.69
0.02 125.16 1888.94 9332.92 29008.22 68582.92 134926.34
0.02 108.83 1788.35 9367.32 28671.22 68189.33 135593.47
0.01 114.27 1855.41 9378.78 28593.45 67008.56 133925.65
0.03 131.20 1918.75 9814.47 30200.70 70058.88 137344.68
0.02 105.81 1777.17 8748.18 27297.28 65926.19 132007.67
0.02 110.65 1818.16 8931.63 27815.75 66319.78 135009.73
0.02 119.11 1874.04 9550.76 29345.23 69960.48 141013.87
0.02 130.60 1874.04 9138.01 29215.61 69812.89 140513.53
0.02 134.83 1840.51 9390.25 29008.22 67303.76 136093.82
0.03 122.13 1814.43 8966.02 29111.92 69665.29 139429.45
0.02 113.67 1799.53 9057.75 28489.76 67451.35 135176.52
0.03 125.16 1762.27 8782.58 27556.52 65729.40 132924.96
0.00 117.30 1967.18 9344.38 29604.46 69911.28 142348.13
0.01 129.39 1795.80 9034.82 28256.45 67894.14 138011.80
0.02 119.72 1847.96 9390.25 28386.06 67402.15 134342.61
0.00 120.93 1948.56 9516.37 29267.46 70157.28 139262.67
0.02 121.53 1803.25 9023.35 27971.29 67992.54 134259.22
0.02 117.90 1836.78 8977.49 27841.67 66565.78 133258.53
0.02 126.37 1866.59 9424.64 28645.30 69419.30 137845.02
0.01 125.16 1859.14 9309.99 29578.54 71338.04 142514.91
0.01 94.93 1732.46 9126.54 28152.75 67057.76 135510.08
0.01 118.51 1996.99 9619.56 29085.99 69124.11 137678.24
0.02 117.30 1885.22 9413.18 29319.30 69124.11 137761.63
0.02 128.79 1982.09 9459.04 29293.38 70895.26 140179.97
0.02 117.30 1888.94 9608.09 29345.23 70255.67 141514.22
0.00 0.60 59.61 630.60 3577.42 13332.83 41862.19
0.01 95.53 1743.64 8771.11 27167.67 65975.39 131924.27
0.01 121.53 1862.86 9115.07 27919.44 67697.34 135927.03
0.02 93.11 1758.54 8839.90 27089.90 65434.21 129756.11
0.01 108.83 1773.45 8977.49 28463.83 67795.74 135593.47
0.01 116.09 1866.59 9218.26 29034.15 70600.06 140847.09
0.01 114.27 1847.96 9355.85 28878.61 68386.13 136177.21
0.01 115.48 1739.92 8920.16 27530.59 65680.20 132007.67
0.00 0.00 0.00 0.00 0.00 0.00 0.00
0.00 89.48 1568.53 8346.89 26364.04 63269.47 128004.91
0.01 95.53 1594.61 8346.89 26312.20 64204.24 127838.12
0.01 80.42 1542.45 8243.70 26156.65 62580.68 124585.88
0.01 110.65 1736.19 8450.08 25845.57 61891.90 123335.02
0.00 117.30 1799.53 8713.78 27712.06 64942.22 128088.30
0.02 100.37 1598.34 7876.80 25093.80 59923.96 121166.86
0.01 95.53 1602.06 8278.09 25949.27 62629.88 125002.84
0.01 85.86 1590.89 8243.70 26234.43 60907.93 122584.50
0.01 91.30 1587.16 7968.52 25171.57 59087.58 118498.35
0.01 117.90 1635.59 8495.94 26389.97 61547.51 122918.07
0.01 90.69 1620.69 8163.44 25560.42 60809.53 120666.51
0.01 93.72 1605.79 8209.30 25275.26 60317.55 121000.08
0.00 0.00 0.00 0.00 0.00 0.00 0.00
0.01 91.90 1639.32 8025.85 24575.33 59333.57 118748.53
0.00 1.81 26.08 183.45 933.24 4231.08 12842.19
0.00 0.00 0.00 0.00 0.00 0.00 0.00
0.01 88.28 1549.90 7739.21 24316.10 56578.45 112744.39
0.00 66.51 1423.23 7509.90 24108.71 57414.83 115412.89
0.01 94.93 1583.43 7876.80 24056.86 55200.89 109575.54
0.00 1.21 40.98 206.38 881.39 3443.91 9256.38
0.01 82.83 1587.16 7521.37 23019.93 53085.34 105239.21
0.01 91.30 1490.29 7452.58 22942.16 53036.15 106573.47
0.00 0.00 0.00 0.00 0.00 0.00 0.00
0.00 99.76 1669.13 7968.52 23486.55 55151.69 109742.32
0.01 90.09 1497.74 7590.16 23045.85 54266.11 109825.71
0.00 0.00 0.00 0.00 0.00 0.00 0.00
0.01 94.32 1482.84 7326.46 22060.77 52248.97 105906.34
0.00 74.97 1456.76 7693.35 22890.31 53380.54 106656.86
0.00 0.00 0.00 0.00 0.00 0.00 0.00
0.01 106.41 1635.59 7578.70 22994.01 53282.14 105322.60
0.01 82.23 1460.49 7349.39 22786.62 53331.34 104238.52
0.00 0.00 0.00 0.00 0.00 0.00 0.00
0.01 85.25 1348.71 7074.22 21568.22 50084.23 99985.59
0.01 110.65 1654.22 7991.46 23693.94 54216.91 106990.42
0.00 0.00 0.00 0.00 0.00 0.00 0.00
0.00 0.00 0.00 0.00 0.00 0.00 0.00
0.01 99.16 1520.10 7395.25 22423.69 50723.81 98234.38
0.01 102.18 1549.90 7383.78 22268.15 50625.41 99151.68
0.00 0.00 0.00 0.00 0.00 0.00 0.00
0.00 72.56 1378.52 7051.28 21308.99 50182.62 99318.46
0.01 50.79 1281.65 7085.68 21879.30 50773.01 98234.38
0.01 102.79 1602.06 7647.49 22631.08 50773.01 101069.67
0.00 0.00 0.00 0.00 0.00 0.00 0.00
0.01 88.88 1486.57 6959.56 20971.99 47575.10 92647.20
0.00 0.00 0.00 0.00 0.00 0.00 0.00
0.00 0.00 0.00 0.00 0.00 0.00 0.00
0.01 93.11 1501.47 7337.92 21412.68 48952.66 93397.72
0.01 96.14 1549.90 7131.54 21127.53 48116.28 94398.41
0.02 102.79 1613.24 7555.77 22138.54 49444.64 97150.30
0.01 104.60 1594.61 7326.46 21179.37 47279.90 93814.67
0.01 97.34 1590.89 7498.44 22190.38 50773.01 97900.82
0.00 92.51 1583.43 7681.89 22527.39 51756.98 99818.81
0.01 100.37 1467.94 7165.94 21049.76 47722.69 93564.50
0.01 99.76 1430.68 7154.47 21386.76 48559.07 93481.11
0.00 0.00 0.00 0.00 0.00 0.00 0.00
0.00 84.65 1397.15 7165.94 21049.76 47181.51 91563.12
0.00 98.55 1389.70 6982.49 19960.98 45459.55 89394.96
0.01 107.02 1523.82 7349.39 21801.53 50084.23 94815.36
0.00 107.62 1535.00 7383.78 21671.92 48362.27 92897.37
0.00 79.21 1359.89 6764.65 20246.13 47476.70 91479.73
0.00 89.48 1575.98 7521.37 22553.31 50871.41 98150.99
0.00 90.69 1516.37 7257.66 21723.76 49395.45 95315.71
0.01 91.30 1620.69 7498.44 21801.53 49051.06 93981.45
0.00 0.00 0.00 0.00 0.00 0.00 0.00
0.00 88.88 1494.02 7406.71 21671.92 49543.04 95482.49
0.01 87.67 1508.92 7062.75 21101.60 47525.90 92647.20
0.01 94.32 1538.73 7613.09 22423.69 50674.61 96900.13
0.00 0.00 0.00 0.00 0.00 0.00 0.00
0.01 96.14 1479.11 7280.59 20790.52 46591.12 90228.87
0.01 96.74 1605.79 7693.35 22968.08 50674.61 97984.21
0.00 88.88 1359.89 6879.30 20427.60 46541.92 88978.00
0.00 91.90 1482.84 6993.96 20738.68 46689.52 88477.66
0.00 88.88 1426.95 7211.80 21412.68 47870.29 91813.29
0.01 109.44 1572.26 7544.30 21983.00 49395.45 95982.83
0.01 85.25 1538.73 7234.73 20868.29 47132.31 89561.74
0.01 86.46 1449.31 7314.99 21620.07 48263.88 93064.15
0.00 87.67 1475.39 7257.66 21438.61 47919.49 92480.42
0.01 82.23 1385.97 7005.42 21257.14 48608.27 93314.33
0.01 107.02 1538.73 7601.63 21905.23 49051.06 92897.37
0.00 100.97 1542.45 7120.08 20790.52 46787.92 89478.35
0.01 86.46 1438.13 7085.68 20686.83 46984.71 89895.30
0.01 93.72 1531.27 7177.40 21101.60 46837.12 91229.56
0.01 111.25 1657.95 7853.87 22890.31 51215.80 97650.65
0.01 93.72 1419.50 6993.96 20790.52 46787.92 91729.90
0.01 81.02 1382.25 6821.97 19935.05 46443.53 88978.00
0.01 105.81 1549.90 7613.09 22294.08 49346.25 93564.50
0.01 104.00 1508.92 7177.40 20868.29 46984.71 89978.69
0.01 102.79 1523.82 6948.09 20401.67 46049.94 87893.92
0.00 97.34 1538.73 7188.87 20738.68 47132.31 90395.65
0.01 100.97 1434.41 6776.11 19883.21 44819.97 87810.53
0.01 88.88 1441.86 7108.61 20894.22 46837.12 89895.30
0.01 110.65 1579.71 7532.84 21620.07 48509.87 91729.90
0.01 89.48 1382.25 6982.49 20479.44 47968.69 91312.95
0.01 96.14 1494.02 7188.87 21127.53 48263.88 91563.12
0.01 82.23 1385.97 6936.63 20220.21 46049.94 87476.97
0.01 92.51 1449.31 7246.20 21101.60 48755.86 91646.51
0.01 96.74 1605.79 7464.04 22371.85 50281.02 94982.14
0.01 102.79 1490.29 7005.42 21049.76 47673.49 90729.21
0.01 104.00 1490.29 7108.61 20997.91 48165.48 91813.29
0.01 88.28 1344.99 6672.92 19338.82 45016.77 86476.28
0.02 112.46 1579.71 7326.46 21775.61 48608.27 92730.59
0.01 102.18 1508.92 7165.94 20842.37 46837.12 89978.69
0.01 90.09 1464.21 6753.18 20894.22 47378.30 90479.04
0.01 111.86 1553.63 7429.65 21697.84 48657.47 93481.11
0.03 111.86 1523.82 7269.13 21360.84 48165.48 92980.76
0.01 89.48 1397.15 7246.20 21671.92 49641.44 94731.97
0.00 0.00 0.00 0.00 0.00 0.00 0.00
0.01 104.60 1561.08 7269.13 21334.91 48017.88 90145.47
0.01 93.72 1486.57 7200.34 20997.91 47870.29 91479.73
0.01 97.34 1505.19 7257.66 20894.22 47919.49 91980.07
0.03 119.11 1650.50 7636.02 22579.23 51215.80 97567.26
0.01 102.18 1497.74 7280.59 21179.37 46246.73 89978.69
0.01 88.88 1419.50 6936.63 20272.06 45557.95 87810.53
0.01 94.32 1479.11 7005.42 21801.53 48608.27 91396.34
0.01 89.48 1464.21 7108.61 21075.68 47033.91 90895.99
0.03 113.67 1643.05 8083.18 22760.70 50822.21 97317.08
0.01 95.53 1464.21 7143.01 20738.68 48214.68 91062.77
0.02 88.28 1527.55 7372.32 21257.14 48263.88 91563.12
0.01 107.02 1531.27 7188.87 21179.37 47919.49 91396.34
0.00 97.34 1337.54 6707.32 19960.98 45705.55 90062.08
0.00 0.00 0.00 0.00 0.00 0.00 0.00
0.01 107.62 1549.90 7521.37 22164.46 49592.24 93731.28
0.01 78.60 1374.79 6707.32 20064.67 44770.77 86726.45
0.01 98.55 1486.57 6936.63 20997.91 46295.93 88144.09
0.01 109.44 1650.50 7624.56 22838.47 50674.61 95315.71
0.01 84.65 1423.23 7039.82 20012.82 45607.15 88060.70
0.02 100.37 1527.55 6867.84 19753.59 45016.77 87060.01
0.01 111.86 1602.06 7739.21 22760.70 50281.02 95565.88
0.01 114.88 1579.71 7326.46 21464.53 46935.51 91062.77
0.02 119.11 1650.50 7716.28 22320.00 49641.44 95148.92
0.02 102.79 1542.45 7406.71 22164.46 49543.04 94315.02
0.01 114.88 1602.06 7693.35 21957.07 49346.25 93147.54
0.01 105.20 1598.34 7727.75 22268.15 49739.84 94982.14
0.01 93.72 1415.78 6925.16 20272.06 45557.95 89645.13
0.02 116.69 1643.05 7727.75 22527.39 49739.84 94064.84
0.01 122.74 1676.58 7314.99 20971.99 47919.49 91813.29
0.00 0.00 0.00 0.00 0.00 0.00 0.00
0.01 97.34 1441.86 7005.42 20894.22 46935.51 89811.91
0.01 87.67 1408.33 6764.65 20064.67 45656.35 88310.88
0.01 100.97 1575.98 7418.18 21542.30 48411.47 91062.77
0.02 96.74 1546.18 7498.44 21983.00 49247.85 94815.36
0.01 87.07 1549.90 7062.75 21049.76 47329.10 92063.46
0.00 90.69 1426.95 7269.13 21723.76 49198.65 93981.45
0.01 104.00 1348.71 6443.61 19857.28 45557.95 86976.62
0.01 99.16 1464.21 6844.91 20479.44 46246.73 88811.22
0.01 88.28 1400.87 6867.84 20323.90 46787.92 90645.82
0.01 105.20 1527.55 7131.54 21205.30 48854.26 93481.11
0.02 106.41 1505.19 7211.80 21075.68 46935.51 90395.65
0.01 110.65 1575.98 7395.25 21905.23 48165.48 92480.42
0.01 102.79 1598.34 7418.18 21179.37 48509.87 91396.34
0.01 99.76 1561.08 7326.46 21049.76 48313.08 91229.56
0.01 102.79 1512.65 7613.09 21568.22 48411.47 91729.90
0.01 105.81 1564.81 7165.94 20790.52 45656.35 88978.00
0.00 0.00 0.00 0.00 0.00 0.00 0.00
0.01 105.81 1706.38 7979.99 22760.70 50773.01 96900.13
0.01 91.90 1505.19 7486.97 21749.69 49493.84 93397.72
0.01 115.48 1527.55 7452.58 22008.92 48214.68 90812.60
0.00 0.00 0.00 0.00 0.00 0.00 0.00
0.01 88.28 1508.92 7292.06 21645.99 49198.65 92730.59
0.00 96.14 1415.78 6879.30 21360.84 46837.12 88394.27
0.01 92.51 1453.03 7028.35 20686.83 47722.69 90062.08
0.01 116.09 1575.98 7498.44 21516.38 48854.26 92813.98
0.00 85.25 1497.74 7143.01 21283.07 47575.10 90395.65
0.01 93.11 1512.65 7154.47 20712.75 46640.32 87560.36
0.01 110.04 1602.06 7601.63 22216.31 49297.05 93981.45
0.01 107.02 1605.79 7555.77 22579.23 50035.03 94815.36
0.00 71.35 1378.52 6753.18 19701.74 45311.96 85975.93
0.01 111.86 1475.39 7280.59 21905.23 49739.84 94481.80
0.01 91.30 1501.47 6993.96 21205.30 47575.10 89228.18
0.00 0.00 0.00 0.00 0.00 0.00 0.00
0.00 110.65 1646.77 7681.89 23045.85 50182.62 94231.62
0.00 0.00 0.00 0.00 0.00 0.00 0.00
0.01 90.09 1464.21 7223.27 21205.30 48017.88 91396.34
0.01 108.83 1583.43 7486.97 21542.30 48067.08 90145.47
0.00 87.07 1449.31 6913.70 20971.99 46787.92 88727.83
0.01 110.04 1527.55 7120.08 21516.38 47230.71 88727.83
0.00 0.00 0.00 0.00 0.00 0.00 0.00
0.00 0.00 0.00 0.00 0.00 0.00 0.00
0.00 0.00 0.00 0.00 0.00 0.00 0.00
0.00 0.00 0.00 0.00 0.00 0.00 0.00
0.00 65.90 1374.79 7028.35 20583.14 47083.11 89228.18
0.00 2.42 137.85 1295.60 6921.53 27649.64 68380.47
0.00 65.30 1486.57 7211.80 22112.61 49444.64 92480.42
0.01 50.79 1289.10 6753.18 20686.83 47083.11 90228.87
0.01 106.41 1728.74 7922.66 22527.39 49395.45 92313.64
0.00 47.77 1255.57 6833.44 21231.22 46541.92 90729.21
0.00 0.00 0.00 0.00 0.00 0.00 0.00
0.00 0.00 0.00 0.00 0.00 0.00 0.00
0.00 12.70 529.05 4941.63 16902.02 42507.63 85725.76
0.00 0.00 0.00 0.00 0.00 0.00 0.00
0.00 0.00 0.00 0.00 0.00 0.00 0.00
0.00 0.00 0.00 0.00 0.00 0.00 0.00
0.00 0.00 0.00 0.00 0.00 0.00 0.00
0.00 0.00 0.00 0.00 0.00 0.00 0.00
0.00 0.60 14.90 206.38 881.39 3197.91 12091.67
0.00 0.60 63.34 504.48 2799.72 12053.67 46448.69
0.00 0.00 0.00 0.00 0.00 0.00 0.00
0.00 0.00 0.00 0.00 0.00 0.00 0.00
0.00 0.00 0.00 0.00 0.00 0.00 0.00
0.00 0.00 0.00 0.00 0.00 0.00 0.00
0.00 0.60 14.90 160.52 648.08 2656.73 9256.38
0.00 0.00 0.00 0.00 0.00 0.00 0.00
0.00 0.00 0.00 0.00 0.00 0.00 0.00
0.00 0.60 7.45 22.93 181.46 934.77 2501.72
0.00 0.60 11.18 103.19 518.47 2066.34 7421.78
0.00 0.00 0.00 0.00 0.00 0.00 0.00
0.00 0.00 0.00 0.00 0.00 0.00 0.00
0.00 1.81 18.63 149.05 570.31 1771.15 4669.89
0.00 0.00 0.00 0.00 0.00 0.00 0.00
0.00 0.00 14.90 91.72 648.08 1967.95 5003.45
0.00 0.00 0.00 0.00 0.00 0.00 0.00
0.00 0.60 11.18 91.72 492.54 1869.55 5003.45
0.00 1.81 26.08 263.71 1425.78 5461.05 19013.11
0.00 0.00 7.45 57.33 233.31 1131.57 3419.02
0.00 1.21 18.63 137.59 596.24 1918.75 4252.93
0.00 0.00 0.00 0.00 0.00 0.00 0.00
0.00 1.81 18.63 126.12 570.31 1869.55 5337.01
0.00 0.00 0.00 0.00 0.00 0.00 0.00
0.00 0.00 0.00 0.00 0.00 0.00 0.00
0.00 0.00 0.00 0.00 0.00 0.00 0.00
0.00 0.60 11.18 91.72 388.85 983.97 2418.33
0.00 0.00 0.00 0.00 0.00 0.00 0.00
0.00 0.00 0.00 0.00 0.00 0.00 0.00
0.00 0.60 14.90 68.79 233.31 934.77 2668.51
0.00 0.00 0.00 0.00 0.00 0.00 0.00
0.00 0.00 0.00 0.00 0.00 0.00 0.00
0.00 0.00 0.00 0.00 0.00 0.00 0.00
0.00 0.00 0.00 0.00 0.00 0.00 0.00
0.00 0.00 0.00 0.00 0.00 0.00 0.00
0.00 0.00 0.00 0.00 0.00 0.00 0.00
0.00 0.00 11.18 91.72 233.31 787.18 2585.12
0.00 0.00 0.00 0.00 0.00 0.00 0.00
0.00 0.00 0.00 0.00 0.00 0.00 0.00
0.00 0.00 0.00 0.00 0.00 0.00 0.00
0.00 0.00 0.00 0.00 0.00 0.00 0.00
0.00 0.60 7.45 68.79 388.85 1229.97 2501.72
0.00 0.60 11.18 103.19 751.78 2312.34 6170.92
0.00 0.00 0.00 0.00 0.00 0.00 0.00
0.00 3.02 44.71 275.17 985.09 3247.11 9006.21
0.00 1.21 55.89 389.83 2359.02 8363.77 24850.46
0.00 0.00 7.45 80.26 570.31 2066.34 5587.18
0.00 0.00 0.00 0.00 0.00 0.00 0.00
0.00 0.00 0.00 0.00 0.00 0.00 0.00
0.00 1.21 119.22 722.33 3758.89 15054.79 45281.21
0.00 0.60 40.98 321.03 1659.09 4673.87 13008.97
0.00 0.60 14.90 194.91 1062.86 3739.10 10757.42
0.00 0.00 0.00 0.00 0.00 0.00 0.00
0.00 0.00 0.00 0.00 0.00 0.00 0.00
0.00 0.60 18.63 309.57 1788.71 5264.26 17095.12
0.00 0.00 0.00 0.00 0.00 0.00 0.00
0.01 2.42 55.89 355.43 1866.48 6986.21 19179.89
0.00 0.00 0.00 0.00 0.00 0.00 0.00
0.00 0.00 0.00 0.00 0.00 0.00 0.00
0.00 0.00 0.00 0.00 0.00 0.00 0.00
0.00 3.63 145.30 1834.48 10006.41 26911.66 54620.99
0.00 3.02 96.87 871.38 4795.82 20614.23 47449.38
0.00 0.60 22.35 286.64 1244.32 3935.89 11174.37
0.00 0.00 0.00 0.00 0.00 0.00 0.00
0.00 1.81 141.58 1547.84 8606.55 24746.92 53119.95
0.00 0.00 0.00 0.00 0.00 0.00 0.00
0.00 5.44 171.38 2384.82 11432.20 27403.65 54871.16
0.00 13.91 536.50 4012.93 12857.98 29814.38 57206.10
0.00 0.00 0.00 0.00 0.00 0.00 0.00
0.00 12.70 745.15 4414.22 13635.68 30798.36 60291.56
0.00 0.00 0.00 0.00 0.00 0.00 0.00
0.00 53.21 1054.38 4895.77 13506.06 29322.40 56122.02
0.00 0.00 0.00 0.00 0.00 0.00 0.00
0.00 0.00 0.00 0.00 0.00 0.00 0.00
0.00 0.00 0.00 0.00 0.00 0.00 0.00
0.00 0.00 0.00 0.00 0.00 0.00 0.00
0.00 9.07 391.20 3554.31 11924.74 28092.43 55288.11
0.00 0.00 0.00 0.00 0.00 0.00 0.00
0.00 0.00 0.00 0.00 0.00 0.00 0.00
0.00 0.00 0.00 0.00 0.00 0.00 0.00
0.00 0.00 0.00 0.00 0.00 0.00 0.00
0.01 99.76 1277.92 5514.91 15372.54 32471.11 60041.39
0.00 8.46 271.98 2740.26 10706.34 27354.45 52869.78
0.00 0.00 0.00 0.00 0.00 0.00 0.00
0.00 0.00 0.00 0.00 0.00 0.00 0.00
0.00 0.00 0.00 0.00 0.00 0.00 0.00
0.01 81.62 1270.47 5423.18 14931.85 31536.34 59874.61
0.01 92.51 1277.92 5572.23 14698.54 31536.34 58373.57
0.02 81.02 1207.14 5125.08 14024.53 30552.36 57956.62
0.01 88.88 1229.49 5193.87 14180.07 30601.56 57456.27
0.00 0.00 0.00 0.00 0.00 0.00 0.00
0.00 0.00 0.00 0.00 0.00 0.00 0.00
0.00 91.30 1300.28 5686.89 15631.78 33799.47 62793.29
0.02 117.30 1385.97 5813.01 16383.55 34881.84 63126.85
0.00 87.67 1266.75 5652.49 15424.39 33258.29 61542.42
0.02 87.67 1203.41 5618.10 15476.24 33258.29 60708.52
0.03 113.67 1501.47 6420.68 16876.10 36013.41 66212.31
0.01 110.04 1419.50 6042.32 16953.87 35373.83 66212.31
0.01 75.58 1158.70 5423.18 15087.39 32372.71 60958.69
0.00 87.67 1233.22 5641.03 15398.47 32963.10 60791.91
0.01 92.51 1363.62 5950.60 16202.09 35275.43 65795.36
0.01 79.21 1192.23 5709.82 16150.24 34586.65 64377.71
0.01 88.28 1218.31 5354.39 14854.08 32421.91 60374.95
0.00 76.18 1203.41 5480.51 15139.23 33602.68 62543.11
0.01 70.14 1140.07 5170.94 14983.69 32913.90 61542.42
0.01 82.83 1121.44 4918.70 13635.68 30749.16 57789.84
0.01 69.53 1005.95 4494.48 12832.06 29666.79 56955.93
0.01 53.21 860.64 4047.32 12443.21 27748.04 52953.17
0.00 27.21 823.39 3989.99 12054.36 27698.84 54537.60
0.00 47.77 972.42 4586.20 13298.68 29912.78 57873.23
0.00 53.81 856.92 4081.72 11924.74 26173.68 52869.78
0.01 64.69 916.53 4196.37 12080.28 26764.07 51452.13
0.00 0.00 0.00 0.00 0.00 0.00 0.00
0.00 0.00 0.00 0.00 0.00 0.00 0.00
0.00 49.58 774.95 3577.24 10835.96 24550.13 47449.38
0.01 28.42 700.44 3416.72 9850.87 22975.77 45197.82
0.00 17.53 696.71 3496.98 10550.80 23762.95 46615.47
0.00 15.12 640.83 3416.72 9824.95 23074.17 45364.61
0.00 61.07 871.82 3955.60 10913.73 24058.14 47449.38
0.00 48.97 733.97 3359.39 9462.02 22139.39 43696.79
0.01 60.46 864.37 3737.75 10343.41 23320.16 44780.87
0.00 0.00 0.00 0.00 0.00 0.00 0.00
0.00 42.32 834.56 3909.74 11095.19 25091.31 48450.07
0.00 9.07 584.94 3256.20 9539.79 21401.41 42362.54
0.00 5.44 372.57 2889.31 8736.17 20073.05 39443.86
0.00 0.00 0.00 0.00 0.00 0.00 0.00
0.00 44.74 756.32 3267.67 9021.32 20712.63 39610.64
0.00 17.53 614.75 3302.06 9358.33 21204.62 40861.50
0.00 0.00 0.00 0.00 0.00 0.00 0.00
0.00 12.09 618.47 2992.50 8788.01 19630.26 38026.21
0.00 0.00 0.00 0.00 0.00 0.00 0.00
0.00 7.26 253.35 2384.82 7880.70 17908.31 34523.80
0.00 0.00 0.00 0.00 0.00 0.00 0.00
0.00 0.00 0.00 0.00 0.00 0.00 0.00
0.00 0.00 0.00 0.00 0.00 0.00 0.00
0.00 46.56 771.23 3153.01 8269.55 18449.49 36024.83
0.00 1.21 93.14 733.79 5677.21 15792.77 31855.29
0.00 7.86 536.50 2877.84 7880.70 17662.32 33189.55
0.00 38.09 722.79 3130.08 8217.70 17957.51 34106.84
0.00 3.02 59.61 1020.43 5988.29 15595.97 29937.30
0.00 0.00 0.00 0.00 0.00 0.00 0.00
0.00 0.00 0.00 0.00 0.00 0.00 0.00
0.00 1.21 26.08 321.03 2099.79 11020.50 26434.89
0.00 22.37 640.83 2820.51 7777.00 16875.14 31104.78
0.00 0.00 0.00 0.00 0.00 0.00 0.00
0.00 0.00 0.00 0.00 0.00 0.00 0.00
0.00 4.84 227.27 2384.82 7128.92 15940.36 30604.43
0.00 1.21 26.08 240.78 1322.09 7970.18 25350.81
0.00 5.44 253.35 2579.74 7932.54 17662.32 32689.20
0.00 0.00 0.00 0.00 0.00 0.00 0.00
0.00 0.00 0.00 0.00 0.00 0.00 0.00
0.00 31.44 808.48 3485.51 8788.01 18843.08 33940.06
0.00 0.00 18.63 149.05 881.39 3689.90 15760.86
0.00 1.21 18.63 286.64 1918.33 10725.31 26351.50
0.00 0.00 0.00 0.00 0.00 0.00 0.00
0.00 3.63 137.85 1387.33 7103.00 16432.35 31188.17
0.00 1.21 33.53 584.74 4640.28 14759.60 29520.35
0.00 5.44 406.10 2820.51 7880.70 16432.35 29687.13
0.00 64.69 875.55 3668.96 9202.79 18597.09 33856.67
0.00 0.00 0.00 0.00 0.00 0.00 0.00
0.00 1.21 18.63 252.24 2073.87 11266.49 24183.34
0.00 20.56 644.55 2889.31 8165.85 16776.74 30104.09
0.00 21.77 681.81 3130.08 8062.16 17071.93 30187.48
0.01 13.30 536.50 3003.96 8451.01 17514.72 31438.34
0.00 65.90 801.03 3244.74 8580.63 17317.93 30521.04
0.00 8.46 361.40 2396.29 7310.38 15546.77 28603.05
0.00 56.23 756.32 3084.22 7906.62 16333.95 28853.22
0.00 0.00 0.00 0.00 0.00 0.00 0.00
0.01 78.60 871.82 3370.86 8476.93 16924.34 31104.78
0.00 0.00 0.00 0.00 0.00 0.00 0.00
0.00 70.14 812.21 3279.13 8425.09 16924.34 30187.48
0.01 71.35 868.09 3519.91 9099.09 18154.30 32188.86
0.00 61.07 789.85 3244.74 8399.16 17121.13 29687.13
0.00 70.14 715.34 2820.51 7569.62 15841.97 28352.88
0.00 65.90 812.21 3130.08 7906.62 16383.15 29436.96
0.00 17.53 629.65 2912.24 8062.16 17121.13 30687.82
0.00 66.51 812.21 3210.34 8114.01 16629.14 29186.79
0.01 70.74 774.95 3015.43 7414.08 15448.38 28019.31
0.01 84.65 890.45 3405.25 8762.09 17859.11 32105.47
0.01 81.62 905.35 3611.63 9021.32 18547.89 33689.89
0.01 84.04 923.98 3393.79 8658.40 17416.32 31605.12
0.02 77.39 879.27 3382.32 8554.70 18006.71 32105.47
0.01 73.76 812.21 3049.82 7751.08 16432.35 29520.35
0.01 70.14 819.66 3256.20 8269.55 17071.93 31354.95
0.00 0.00 0.00 0.00 0.00 0.00 0.00
0.00 62.28 797.31 3233.27 8010.31 16678.34 29770.52
0.00 13.91 521.60 2671.46 7465.92 16137.16 29186.79
0.00 44.74 748.87 3130.08 8114.01 17219.53 32355.64
0.00 0.00 0.00 0.00 0.00 0.00 0.00
0.00 13.30 633.37 2935.17 8191.78 17219.53 31688.51
0.00 3.63 156.48 1937.67 7232.61 15694.37 29270.18
0.00 0.00 0.00 0.00 0.00 0.00 0.00
0.00 0.00 0.00 0.00 0.00 0.00 0.00
0.00 0.00 0.00 0.00 0.00 0.00 0.00
0.00 1.21 26.08 206.38 1762.79 11561.68 27769.14
0.00 0.00 0.00 0.00 0.00 0.00 0.00
0.00 0.00 0.00 0.00 0.00 0.00 0.00
0.00 0.00 0.00 0.00 0.00 0.00 0.00
0.00 0.60 7.45 68.79 233.31 639.58 1751.21
0.00 0.00 0.00 0.00 0.00 0.00 0.00
0.01 1.21 11.18 45.86 285.16 983.97 2418.33
0.00 0.00 0.00 0.00 0.00 0.00 0.00
0.00 0.00 0.00 0.00 0.00 0.00 0.00
0.00 1.21 7.45 22.93 103.69 245.99 1000.69
0.00 0.00 0.00 0.00 0.00 0.00 0.00
0.00 0.60 7.45 34.40 129.62 393.59 1167.47
0.00 0.00 0.00 0.00 0.00 0.00 0.00
0.00 0.60 7.45 34.40 77.77 295.19 1167.47
0.00 0.00 0.00 0.00 0.00 0.00 0.00
0.00 0.00 0.00 0.00 0.00 0.00 0.00
0.00 0.00 0.00 0.00 0.00 0.00 0.00
0.00 0.60 3.73 11.47 25.92 196.79 833.91
0.00 0.00 0.00 0.00 0.00 0.00 0.00
0.00 0.00 0.00 0.00 0.00 0.00 0.00
0.00 0.60 7.45 34.40 285.16 934.77 1917.99
0.00 0.00 0.00 0.00 0.00 0.00 0.00
0.00 0.00 0.00 0.00 0.00 0.00 0.00
0.00 0.00 0.00 0.00 0.00 0.00 0.00
0.00 0.00 0.00 0.00 0.00 0.00 0.00
0.00 0.00 0.00 0.00 0.00 0.00 0.00
0.00 0.00 0.00 0.00 0.00 0.00 0.00
0.00 0.00 0.00 0.00 0.00 0.00 0.00
0.00 0.00 0.00 0.00 0.00 0.00 0.00
0.00 0.00 0.00 0.00 0.00 0.00 0.00
0.00 0.00 0.00 0.00 0.00 0.00 0.00
0.00 0.00 0.00 0.00 0.00 0.00 0.00
0.00 0.00 0.00 0.00 0.00 0.00 0.00
0.00 0.00 0.00 0.00 0.00 0.00 0.00
0.00 0.60 7.45 34.40 155.54 737.98 2251.55
0.00 0.00 0.00 0.00 0.00 0.00 0.00
0.00 0.00 0.00 0.00 0.00 0.00 0.00
0.00 0.00 0.00 0.00 0.00 0.00 0.00
0.00 0.00 0.00 0.00 0.00 0.00 0.00
0.00 0.00 0.00 0.00 0.00 0.00 0.00
0.00 0.60 7.45 137.59 518.47 1131.57 3168.85
0.00 0.00 0.00 0.00 0.00 0.00 0.00
0.00 0.00 0.00 0.00 0.00 0.00 0.00
0.00 0.00 0.00 0.00 0.00 0.00 0.00
0.00 0.00 0.00 0.00 0.00 0.00 0.00
0.00 0.00 0.00 0.00 0.00 0.00 0.00
0.00 0.00 11.18 45.86 570.31 1771.15 3835.98
0.00 0.00 0.00 0.00 0.00 0.00 0.00
0.00 0.00 7.45 91.72 388.85 1229.97 3835.98
0.00 0.00 0.00 0.00 0.00 0.00 0.00
0.00 0.00 0.00 0.00 0.00 0.00 0.00
0.00 0.00 22.35 149.05 622.16 1771.15 4252.93
0.00 0.60 11.18 103.19 466.62 1525.16 4252.93
0.00 0.00 11.18 91.72 544.39 1918.75 4086.15
0.00 0.60 3.73 160.52 803.62 2607.53 6170.92
0.00 0.00 0.00 0.00 0.00 0.00 0.00
0.00 2.42 33.53 252.24 985.09 2213.94 5086.84
0.00 0.60 29.81 160.52 725.85 2115.54 5503.79
0.00 0.00 0.00 0.00 0.00 0.00 0.00
0.00 0.60 22.35 229.31 933.24 2459.93 5670.58
0.00 1.81 22.35 126.12 751.78 2066.34 5003.45
0.00 0.60 26.08 160.52 855.47 2312.34 5337.01
0.00 0.00 0.00 0.00 0.00 0.00 0.00
0.00 1.21 40.98 263.71 855.47 2361.54 6254.31
0.00 1.21 44.71 298.10 1062.86 2410.73 5753.97
0.00 0.00 0.00 0.00 0.00 0.00 0.00
0.00 0.00 0.00 0.00 0.00 0.00 0.00
0.00 0.00 0.00 0.00 0.00 0.00 0.00
0.00 0.00 0.00 0.00 0.00 0.00 0.00
0.00 0.60 18.63 194.91 648.08 2410.73 6170.92
0.00 1.21 29.81 206.38 1218.40 3394.71 8005.52
0.00 0.00 0.00 0.00 0.00 0.00 0.00
0.00 0.00 0.00 0.00 0.00 0.00 0.00
0.00 0.00 0.00 0.00 0.00 0.00 0.00
0.00 1.21 37.26 252.24 985.09 2755.12 6671.27
0.00 0.60 29.81 263.71 933.24 2459.93 5587.18
0.00 2.42 52.16 355.43 1062.86 2459.93 6838.05
0.00 0.00 0.00 0.00 0.00 0.00 0.00
0.00 1.21 26.08 149.05 725.85 1820.35 5003.45
0.00 0.00 0.00 0.00 0.00 0.00 0.00
0.00 0.00 3.73 68.79 518.47 2164.74 5670.58
0.00 0.00 0.00 0.00 0.00 0.00 0.00
0.00 0.60 37.26 229.31 777.70 2656.73 7505.17
0.00 0.60 7.45 126.12 622.16 1918.75 5587.18
0.00 1.81 22.35 160.52 674.01 2066.34 4920.06
0.00 0.00 18.63 149.05 570.31 2361.54 5837.36
0.00 0.00 22.35 206.38 985.09 2755.12 6838.05
0.00 0.00 0.00 0.00 0.00 0.00 0.00
0.01 1.21 18.63 240.78 1322.09 3542.30 8756.04
0.00 0.00 0.00 0.00 0.00 0.00 0.00
0.00 0.60 7.45 91.72 648.08 2115.54 5086.84
0.00 0.00 11.18 137.59 648.08 2509.13 6087.53
0.00 0.00 0.00 0.00 0.00 0.00 0.00
0.00 0.00 11.18 114.66 518.47 1475.96 4252.93
0.00 1.81 18.63 183.45 648.08 1918.75 6254.31
0.00 0.60 18.63 275.17 1633.17 8609.76 20514.14
0.00 0.60 7.45 114.66 648.08 2213.94 5587.18
0.00 0.60 14.90 160.52 751.78 2804.32 12925.58
0.00 2.42 22.35 183.45 1036.93 4969.06 20680.92
0.00 2.42 104.32 1261.21 5080.98 11610.88 22015.18
0.00 0.00 0.00 0.00 0.00 0.00 0.00
0.00 0.00 0.00 0.00 0.00 0.00 0.00
0.01 66.51 655.73 2293.10 5703.14 11709.28 21181.27
0.00 0.00 0.00 0.00 0.00 0.00 0.00
0.00 0.00 0.00 0.00 0.00 0.00 0.00
0.00 0.00 0.00 0.00 0.00 0.00 0.00
0.00 0.00 0.00 0.00 0.00 0.00 0.00
0.03 71.35 629.65 2189.91 5547.60 11512.48 21014.49
0.02 73.16 719.07 2476.55 6117.91 12348.86 22015.18
0.04 69.53 633.37 2224.31 5340.21 10971.30 19680.23
0.02 67.72 678.08 2407.76 6014.22 12398.06 22515.52
0.03 75.58 741.42 2579.74 6273.45 12644.05 23266.04
0.02 68.32 637.10 2293.10 5599.44 11856.87 21348.05
0.04 59.86 599.84 2178.45 5366.13 10626.91 19346.67
0.04 67.11 603.57 2132.58 5184.67 10626.91 18596.15
0.04 73.76 685.53 2327.50 5754.98 11758.48 21264.66
0.04 65.30 618.47 2293.10 5625.37 11709.28 21681.61
0.03 67.72 614.75 2189.91 5314.29 10577.71 19763.62
0.03 67.11 633.37 2166.98 5469.83 11168.09 20263.97
0.01 72.56 745.15 2648.53 6454.91 13529.63 24683.68
0.01 56.23 584.94 2052.32 5158.75 10922.10 19847.01
0.01 67.72 633.37 2293.10 5599.44 11315.69 21181.27
0.03 65.30 599.84 2201.38 5417.98 10971.30 19763.62
0.01 1.81 26.08 126.12 907.32 5165.86 16344.60
0.00 0.60 44.71 733.79 4355.12 10085.72 19680.23
0.00 0.60 7.45 103.19 1425.78 7035.41 16678.16
0.00 1.21 14.90 126.12 1140.63 7576.59 17845.64
0.00 0.00 0.00 0.00 0.00 0.00 0.00
0.00 0.00 0.00 0.00 0.00 0.00 0.00
0.00 0.00 0.00 0.00 0.00 0.00 0.00
0.00 0.60 11.18 80.26 570.31 2066.34 9339.77
0.00 0.00 0.00 0.00 0.00 0.00 0.00
0.00 1.21 11.18 126.12 570.31 3788.30 15594.08
0.00 0.00 0.00 0.00 0.00 0.00 0.00
0.00 0.60 3.73 91.72 337.00 983.97 2918.68
0.00 1.21 7.45 126.12 622.16 1721.95 7088.22
0.00 0.00 0.00 22.93 233.31 787.18 3168.85
0.00 0.00 0.00 0.00 0.00 0.00 0.00
0.00 0.00 0.00 0.00 0.00 0.00 0.00
0.00 0.00 0.00 0.00 0.00 0.00 0.00
0.00 0.00 0.00 0.00 0.00 0.00 0.00
0.00 0.00 0.00 0.00 0.00 0.00 0.00
0.00 1.81 26.08 114.66 388.85 1229.97 3252.24
0.00 0.00 0.00 0.00 0.00 0.00 0.00
0.00 0.00 0.00 0.00 0.00 0.00 0.00
0.00 0.00 0.00 0.00 0.00 0.00 0.00
0.00 0.60 7.45 114.66 388.85 1033.17 3002.07
0.00 0.00 0.00 0.00 0.00 0.00 0.00
0.00 0.00 0.00 0.00 0.00 0.00 0.00
0.00 1.21 11.18 91.72 518.47 1574.36 3669.20
0.00 0.00 0.00 0.00 0.00 0.00 0.00
0.00 0.00 0.00 0.00 0.00 0.00 0.00
0.00 0.00 0.00 0.00 0.00 0.00 0.00
0.00 0.00 0.00 0.00 0.00 0.00 0.00
0.00 0.00 0.00 0.00 0.00 0.00 0.00
0.00 0.00 3.73 137.59 622.16 1721.95 4169.54
0.00 0.00 0.00 0.00 0.00 0.00 0.00
0.00 0.00 0.00 0.00 0.00 0.00 0.00
0.00 0.60 14.90 149.05 544.39 1820.35 4169.54
0.00 1.21 11.18 114.66 648.08 2066.34 5753.97
0.00 0.60 7.45 91.72 466.62 1377.56 3752.59
0.00 0.00 11.18 45.86 362.93 1180.77 3419.02
0.00 0.00 11.18 126.12 699.93 1918.75 4336.32
0.00 0.00 0.00 0.00 0.00 0.00 0.00
0.01 1.21 22.35 171.98 544.39 1771.15 4669.89
0.00 0.60 7.45 103.19 466.62 1426.76 3669.20
0.00 0.00 0.00 0.00 0.00 0.00 0.00
0.00 0.00 0.00 0.00 0.00 0.00 0.00
0.00 0.00 0.00 0.00 0.00 0.00 0.00
0.00 1.21 18.63 126.12 544.39 1475.96 4419.71
0.00 0.00 0.00 0.00 0.00 0.00 0.00
0.00 0.00 0.00 0.00 0.00 0.00 0.00
0.00 0.60 11.18 103.19 466.62 1279.16 3585.81
0.00 0.00 0.00 0.00 0.00 0.00 0.00
0.00 0.60 11.18 103.19 751.78 1820.35 4586.50
0.00 0.60 7.45 137.59 466.62 1869.55 4169.54
0.00 0.00 7.45 68.79 518.47 1623.56 4753.28
0.00 0.60 11.18 160.52 596.24 1623.56 4753.28
0.00 0.00 0.00 0.00 0.00 0.00 0.00
0.00 0.60 14.90 126.12 544.39 1721.95 4586.50
0.00 1.21 14.90 80.26 492.54 1869.55 5253.62
0.00 0.00 0.00 0.00 0.00 0.00 0.00
0.00 0.00 0.00 0.00 0.00 0.00 0.00
0.00 0.60 18.63 183.45 622.16 1820.35 4753.28
0.01 1.21 18.63 206.38 674.01 2066.34 4669.89
0.01 1.21 22.35 171.98 596.24 2115.54 5253.62
0.00 0.60 18.63 183.45 648.08 2115.54 4669.89
0.00 1.21 11.18 171.98 622.16 1820.35 4169.54
0.00 0.00 0.00 0.00 0.00 0.00 0.00
0.00 0.00 0.00 0.00 0.00 0.00 0.00
0.00 0.00 0.00 0.00 0.00 0.00 0.00
0.00 0.00 0.00 0.00 0.00 0.00 0.00
0.00 0.00 0.00 0.00 0.00 0.00 0.00
0.00 0.00 11.18 80.26 362.93 1082.37 3002.07
0.00 0.00 0.00 0.00 0.00 0.00 0.00
0.00 0.00 0.00 0.00 0.00 0.00 0.00
0.00 1.21 11.18 91.72 518.47 1672.75 5503.79
0.00 0.60 18.63 137.59 674.01 2017.14 5670.58
0.00 0.00 0.00 0.00 0.00 0.00 0.00
0.00 0.00 0.00 0.00 0.00 0.00 0.00
0.00 2.42 33.53 160.52 751.78 3886.69 13342.53
0.00 0.00 11.18 80.26 622.16 2755.12 9423.16
0.00 0.00 0.00 0.00 0.00 0.00 0.00
0.00 0.60 18.63 149.05 777.70 3050.32 13342.53
0.00 1.81 104.32 1341.46 3707.04 8019.38 15010.35
0.00 27.81 458.26 1731.29 4406.97 9495.34 17929.03
0.00 0.00 0.00 0.00 0.00 0.00 0.00
0.00 19.95 495.52 1800.08 4588.43 9446.14 17595.46
0.00 0.00 0.00 0.00 0.00 0.00 0.00
0.00 0.00 0.00 0.00 0.00 0.00 0.00
0.00 0.00 0.00 0.00 0.00 0.00 0.00
0.00 0.00 0.00 0.00 0.00 0.00 0.00
0.00 0.00 0.00 0.00 0.00 0.00 0.00
0.00 0.60 22.35 171.98 777.70 3689.90 14676.78
0.00 1.21 44.71 275.17 1348.01 6297.43 14676.78
0.00 1.21 29.81 217.84 1425.78 7429.00 15927.65
0.00 1.21 14.90 171.98 751.78 4378.68 13175.75
0.00 0.60 14.90 160.52 959.16 6592.62 15677.47
0.00 0.00 0.00 0.00 0.00 0.00 0.00
0.00 0.60 22.35 149.05 518.47 1574.36 5170.23
0.00 0.00 0.00 0.00 0.00 0.00 0.00
0.00 0.00 0.00 0.00 0.00 0.00 0.00
0.00 1.21 26.08 194.91 699.93 2558.33 6421.09
0.00 0.00 26.08 149.05 699.93 2410.73 6254.31
0.00 1.81 29.81 160.52 699.93 1967.95 6004.14
0.00 0.00 0.00 0.00 0.00 0.00 0.00
0.00 0.00 0.00 0.00 0.00 0.00 0.00
0.00 0.00 0.00 0.00 0.00 0.00 0.00
0.00 1.21 14.90 137.59 855.47 2459.93 6170.92
0.00 1.81 14.90 160.52 777.70 2410.73 5587.18
0.00 0.00 0.00 0.00 0.00 0.00 0.00
0.00 0.00 0.00 0.00 0.00 0.00 0.00
0.00 0.60 7.45 57.33 362.93 1574.36 4586.50
0.00 0.00 0.00 80.26 337.00 1377.56 4002.76
0.00 0.00 0.00 0.00 0.00 0.00 0.00
0.00 0.00 0.00 0.00 0.00 0.00 0.00
0.00 0.00 0.00 0.00 0.00 0.00 0.00
0.00 0.00 0.00 0.00 0.00 0.00 0.00
0.00 0.60 14.90 126.12 518.47 1721.95 4419.71
0.00 0.00 0.00 0.00 0.00 0.00 0.00
0.00 0.00 0.00 0.00 0.00 0.00 0.00
0.00 0.00 0.00 0.00 0.00 0.00 0.00
0.00 0.00 0.00 0.00 0.00 0.00 0.00
0.00 0.00 0.00 0.00 0.00 0.00 0.00
0.00 0.00 0.00 0.00 0.00 0.00 0.00
0.00 0.60 11.18 114.66 440.70 1525.16 4169.54
0.00 0.00 0.00 0.00 0.00 0.00 0.00
0.00 1.21 22.35 171.98 699.93 2263.14 6504.48
0.00 1.21 18.63 103.19 622.16 1525.16 3835.98
0.00 0.60 3.73 80.26 544.39 1672.75 4252.93
0.00 0.00 0.00 0.00 0.00 0.00 0.00
0.00 0.00 0.00 0.00 0.00 0.00 0.00
0.00 0.00 0.00 0.00 0.00 0.00 0.00
0.00 0.00 0.00 0.00 0.00 0.00 0.00
0.00 0.60 11.18 114.66 699.93 2263.14 5670.58
0.00 0.60 22.35 149.05 492.54 1918.75 4336.32
0.00 0.00 0.00 0.00 0.00 0.00 0.00
0.00 0.00 0.00 0.00 0.00 0.00 0.00
0.00 1.21 14.90 137.59 622.16 1869.55 5253.62
0.00 1.81 22.35 137.59 596.24 1574.36 4336.32
0.00 1.21 26.08 217.84 699.93 1967.95 6504.48
0.00 0.00 0.00 0.00 0.00 0.00 0.00
0.00 0.00 0.00 0.00 0.00 0.00 0.00
0.00 0.60 14.90 206.38 751.78 2410.73 13509.31
0.00 1.21 26.08 183.45 881.39 2656.73 6254.31
0.00 0.00 0.00 0.00 0.00 0.00 0.00
0.00 0.00 14.90 183.45 751.78 2361.54 6087.53
0.00 0.00 0.00 0.00 0.00 0.00 0.00
0.00 0.00 0.00 0.00 0.00 0.00 0.00
0.00 0.00 0.00 0.00 0.00 0.00 0.00
0.00 0.00 0.00 0.00 0.00 0.00 0.00
0.00 0.60 26.08 206.38 803.62 2213.94 5503.79
0.00 0.00 0.00 0.00 0.00 0.00 0.00
0.00 1.21 14.90 194.91 596.24 1918.75 7755.35
0.00 0.00 0.00 0.00 0.00 0.00 0.00
0.00 0.00 22.35 103.19 388.85 1918.75 4753.28
0.00 0.00 0.00 0.00 0.00 0.00 0.00
0.01 1.81 22.35 114.66 518.47 1869.55 5753.97
0.00 0.00 11.18 114.66 544.39 2213.94 7671.96
0.00 0.60 11.18 126.12 544.39 1721.95 5337.01
0.00 0.60 18.63 171.98 803.62 2558.33 6838.05
0.00 0.00 0.00 0.00 0.00 0.00 0.00
0.00 1.81 29.81 183.45 855.47 2361.54 6087.53
0.00 0.60 7.45 103.19 518.47 2115.54 5086.84
0.00 0.00 7.45 103.19 492.54 1574.36 4920.06
0.00 1.21 11.18 126.12 544.39 1967.95 6421.09
0.00 0.00 0.00 0.00 0.00 0.00 0.00
0.00 0.00 11.18 126.12 596.24 2164.74 5086.84
0.00 1.21 14.90 183.45 699.93 2509.13 6170.92
0.00 0.60 11.18 103.19 518.47 1672.75 4669.89
0.00 0.00 0.00 0.00 0.00 0.00 0.00
0.00 1.21 26.08 137.59 699.93 2115.54 4920.06
0.00 0.00 0.00 0.00 0.00 0.00 0.00
0.00 0.00 0.00 0.00 0.00 0.00 0.00
0.00 0.00 0.00 0.00 0.00 0.00 0.00
0.00 0.60 14.90 171.98 829.55 2312.34 5170.23
0.00 1.21 22.35 171.98 699.93 2164.74 5753.97
0.00 1.21 14.90 68.79 570.31 1869.55 5420.40
0.00 0.60 14.90 160.52 674.01 2115.54 5753.97
0.00 0.60 18.63 114.66 466.62 2164.74 6170.92
0.00 0.00 0.00 0.00 0.00 0.00 0.00
0.00 0.60 33.53 217.84 751.78 2312.34 5420.40
0.00 0.00 0.00 0.00 0.00 0.00 0.00
0.00 0.00 0.00 0.00 0.00 0.00 0.00
0.00 1.21 18.63 160.52 777.70 2312.34 5670.58
0.00 0.00 18.63 171.98 699.93 2213.94 5503.79
0.00 0.00 0.00 0.00 0.00 0.00 0.00
0.00 0.00 11.18 160.52 699.93 2066.34 5253.62
0.00 0.60 14.90 194.91 881.39 2312.34 5670.58
0.00 0.00 0.00 0.00 0.00 0.00 0.00
0.00 0.60 26.08 217.84 881.39 2410.73 5753.97
0.00 0.00 3.73 160.52 725.85 2263.14 5420.40
0.00 0.00 0.00 0.00 0.00 0.00 0.00
0.00 0.00 0.00 0.00 0.00 0.00 0.00
0.00 0.00 18.63 137.59 622.16 2410.73 6170.92
0.00 0.00 0.00 0.00 0.00 0.00 0.00
0.00 0.00 0.00 0.00 0.00 0.00 0.00
0.00 0.00 11.18 183.45 803.62 2213.94 5170.23
0.00 0.00 26.08 114.66 803.62 2607.53 5670.58
0.00 1.21 29.81 206.38 674.01 2115.54 4419.71
0.00 0.00 0.00 0.00 0.00 0.00 0.00
0.00 1.21 37.26 183.45 648.08 2164.74 5086.84
0.00 0.60 18.63 103.19 777.70 2115.54 5253.62
0.00 2.42 33.53 206.38 933.24 2607.53 6838.05
0.00 0.00 0.00 0.00 0.00 0.00 0.00
0.00 1.81 18.63 126.12 648.08 2509.13 11090.98
0.00 1.21 26.08 252.24 907.32 3099.52 12425.23
0.01 1.81 40.98 217.84 1192.47 6297.43 13175.75
0.00 0.00 0.00 0.00 0.00 0.00 0.00
