0.01 0.64 1.75 2.88 3.89 4.77 5.69
0.01 0.74 1.89 3.03 3.95 4.89 5.92
0.00 0.84 2.00 3.03 4.17 5.09 5.93
0.01 0.71 1.73 2.79 3.86 4.72 5.63
0.00 0.54 1.72 2.88 3.89 4.81 5.76
0.03 0.72 1.82 2.92 4.03 4.98 5.76
0.03 0.72 1.89 3.07 4.09 5.02 5.93
0.02 0.72 1.78 2.85 3.92 4.86 5.75
0.01 0.56 1.68 2.84 3.98 4.96 5.87
0.00 0.66 1.72 2.86 3.89 4.91 5.75
0.00 0.75 1.82 2.84 3.89 5.02 5.85
0.01 0.71 1.75 2.88 3.97 4.99 5.92
0.01 0.71 1.81 2.90 3.96 4.93 5.76
0.03 0.79 1.87 2.95 4.14 5.00 5.85
0.02 0.63 1.73 2.93 4.05 4.95 5.87
0.00 0.69 1.74 2.88 3.80 4.76 5.67
0.01 0.70 1.76 2.88 4.02 4.96 5.83
0.03 0.72 1.82 2.84 3.78 4.75 5.65
0.03 0.65 1.75 2.75 3.79 4.81 5.63
0.02 0.80 1.76 2.87 4.00 5.02 5.90
0.03 0.74 1.66 2.78 3.83 4.78 5.72
0.01 0.65 1.65 2.75 3.89 4.81 5.73
0.03 0.69 1.71 2.90 4.01 4.89 5.84
0.03 0.75 1.78 2.98 4.05 5.02 5.90
0.00 0.63 1.80 2.92 4.01 5.03 5.87
0.00 0.71 1.75 2.79 3.93 4.94 5.85
0.02 0.63 1.80 2.87 3.92 4.96 5.88
0.00 0.60 1.76 2.86 3.97 4.92 5.84
0.01 0.82 1.96 3.14 4.16 5.23 6.10
0.00 0.71 1.86 3.06 4.10 5.00 5.89
0.04 0.69 1.76 2.79 3.82 4.95 5.90
0.00 0.63 1.68 2.89 4.04 5.08 5.99
0.01 0.82 2.04 3.12 4.13 5.12 6.04
0.00 0.65 1.84 3.00 4.08 5.11 5.99
0.01 0.80 1.92 3.14 4.20 5.15 6.11
0.00 0.60 1.69 2.87 4.01 5.03 6.01
0.00 0.38 1.53 2.83 3.96 5.04 5.94
0.01 0.67 1.81 2.86 3.96 4.91 5.87
0.01 0.77 2.02 3.19 4.32 5.39 6.22
0.00 0.69 1.80 2.89 4.12 5.21 6.02
0.01 0.67 1.84 2.97 4.09 5.15 6.05
0.03 0.81 2.03 3.20 4.37 5.37 6.24
0.00 0.60 1.71 2.86 4.09 5.14 6.09
0.03 0.77 1.88 3.12 4.21 5.22 6.05
0.00 0.78 1.92 3.08 4.11 5.18 6.07
0.00 0.19 1.37 2.71 3.90 5.02 5.95
0.04 0.84 1.88 3.09 4.33 5.23 6.07
0.01 0.70 1.82 3.02 4.12 5.19 6.14
0.00 0.41 1.72 2.95 4.05 5.15 6.06
0.02 0.76 1.87 3.06 4.17 5.20 6.04
0.01 0.66 1.84 3.03 4.06 5.13 6.07
0.00 0.37 1.47 2.83 3.99 4.94 5.80
0.03 0.79 1.92 3.20 4.34 5.33 6.14
0.00 0.13 1.12 2.42 3.61 4.59 5.62
0.03 0.68 1.82 2.91 4.00 5.03 6.04
0.02 0.74 1.88 3.11 4.22 5.31 6.31
0.01 0.84 1.84 2.98 4.21 5.28 6.29
0.03 0.83 1.84 3.06 4.18 5.11 6.09
0.03 0.75 1.82 2.92 4.19 5.28 6.24
0.00 0.69 1.83 2.94 4.09 5.10 6.04
0.04 0.77 1.78 2.86 3.95 4.99 5.96
0.00 0.72 1.97 3.04 4.26 5.30 6.37
0.02 0.77 1.79 2.92 4.06 5.14 6.18
0.02 0.74 1.85 3.06 4.09 5.11 6.01
0.00 0.73 1.95 3.09 4.21 5.31 6.23
0.03 0.75 1.81 2.94 4.03 5.16 6.01
0.00 0.72 1.79 2.90 3.99 5.05 5.99
0.00 0.01 0.12 0.39 0.92 2.10 3.84
0.02 0.77 1.86 3.03 4.26 5.41 6.38
0.01 0.59 1.74 2.97 4.05 5.09 6.06
0.01 0.75 2.00 3.12 4.22 5.24 6.16
0.02 0.72 1.89 3.06 4.22 5.24 6.17
0.01 0.78 1.99 3.09 4.24 5.36 6.28
0.01 0.72 1.88 3.12 4.21 5.36 6.34
0.00 0.00 0.06 0.21 0.52 1.01 1.87
0.01 0.60 1.75 2.85 3.90 4.98 5.89
0.01 0.74 1.85 2.97 4.02 5.13 6.07
0.00 0.60 1.76 2.87 3.90 4.96 5.80
0.00 0.66 1.72 2.92 4.10 5.15 6.05
0.01 0.72 1.87 3.00 4.18 5.36 6.30
0.01 0.71 1.85 3.05 4.16 5.19 6.09
0.00 0.74 1.77 2.94 3.94 4.97 5.92
0.00 0.01 0.05 0.14 0.32 0.62 1.23
0.00 0.57 1.59 2.71 3.80 4.81 5.73
0.01 0.60 1.64 2.71 3.81 4.88 5.73
0.00 0.00 0.04 0.14 0.31 0.56 0.99
0.01 0.66 1.74 2.74 3.74 4.70 5.54
0.00 0.68 1.78 2.84 4.00 4.92 5.76
0.03 0.62 1.60 2.56 3.61 4.55 5.42
0.00 0.57 1.59 2.69 3.76 4.75 5.62
0.00 0.57 1.63 2.70 3.80 4.63 5.49
0.00 0.00 0.01 0.11 0.26 0.49 0.79
0.00 0.77 1.65 2.79 3.81 4.68 5.51
0.01 0.56 1.62 2.66 3.68 4.61 5.40
0.00 0.00 0.01 0.07 0.17 0.32 0.60
0.00 0.01 0.01 0.08 0.15 0.34 0.62
0.01 0.58 1.64 2.63 3.53 4.51 5.30
0.00 0.01 0.03 0.06 0.13 0.32 0.57
0.00 0.00 0.00 0.00 0.00 0.00 0.00
0.00 0.50 1.49 2.50 3.51 4.28 5.03
0.00 0.41 1.43 2.44 3.47 4.36 5.17
0.01 0.59 1.59 2.56 3.46 4.19 4.90
0.00 0.01 0.04 0.07 0.13 0.26 0.41
0.01 0.47 1.56 2.44 3.30 4.03 4.71
0.01 0.56 1.49 2.43 3.30 4.02 4.77
0.00 0.48 1.47 2.44 3.30 4.13 4.83
0.00 0.62 1.67 2.59 3.38 4.18 4.91
0.01 0.56 1.50 2.47 3.32 4.12 4.92
0.00 0.43 1.37 2.28 3.13 3.92 4.71
0.01 0.58 1.49 2.38 3.18 3.96 4.74
0.00 0.53 1.52 2.52 3.33 4.06 4.77
0.00 0.37 1.29 2.13 2.94 3.74 4.47
0.01 0.66 1.64 2.47 3.31 4.04 4.71
0.00 0.00 0.00 0.02 0.03 0.11 0.21
0.00 0.47 1.48 2.32 3.05 3.78 4.42
0.01 0.54 1.37 2.30 3.11 3.80 4.48
0.00 0.00 0.02 0.03 0.06 0.10 0.21
0.00 0.46 1.38 2.42 3.15 3.85 4.52
0.00 0.58 1.52 2.36 3.28 3.89 4.51
0.01 0.61 1.52 2.41 3.23 3.85 4.40
0.01 0.63 1.55 2.40 3.21 3.84 4.44
0.01 0.56 1.44 2.33 3.12 3.71 4.33
0.00 0.46 1.37 2.31 3.07 3.84 4.42
0.00 0.35 1.29 2.28 3.16 3.87 4.40
0.01 0.62 1.56 2.46 3.27 3.85 4.51
0.01 0.55 1.44 2.40 3.05 3.80 4.45
0.01 0.57 1.50 2.28 3.02 3.60 4.14
0.00 0.00 0.00 0.00 0.00 0.00 0.00
0.00 0.60 1.59 2.44 3.19 3.84 4.42
0.01 0.58 1.51 2.39 3.10 3.71 4.18
0.01 0.59 1.55 2.32 3.04 3.65 4.22
0.02 0.62 1.59 2.47 3.18 3.76 4.34
0.00 0.00 0.01 0.01 0.03 0.06 0.12
0.01 0.60 1.59 2.44 3.19 3.85 4.38
0.00 0.57 1.59 2.50 3.24 3.93 4.47
0.01 0.62 1.47 2.33 3.03 3.62 4.19
0.00 0.00 0.00 0.00 0.00 0.03 0.05
0.01 0.52 1.30 2.25 3.08 3.65 4.15
0.00 0.56 1.43 2.34 3.02 3.58 4.10
0.00 0.61 1.39 2.27 2.87 3.45 4.00
0.00 0.00 0.01 0.02 0.03 0.04 0.07
0.00 0.71 1.52 2.43 3.10 3.64 4.16
0.00 0.49 1.36 2.20 2.91 3.60 4.09
0.00 0.55 1.58 2.45 3.25 3.86 4.39
0.00 0.56 1.52 2.36 3.13 3.75 4.27
0.01 0.56 1.62 2.44 3.14 3.72 4.21
0.00 0.55 1.42 2.27 3.01 3.59 4.05
0.00 0.55 1.50 2.41 3.12 3.76 4.27
0.01 0.55 1.53 2.31 3.05 3.60 4.14
0.01 0.58 1.54 2.48 3.23 3.84 4.34
0.00 0.00 0.00 0.00 0.00 0.00 0.00
0.01 0.57 1.45 2.37 2.99 3.54 4.03
0.00 0.54 1.56 2.50 3.28 3.85 4.37
0.00 0.55 1.36 2.24 2.94 3.53 3.98
0.00 0.57 1.49 2.28 2.99 3.54 3.96
0.00 0.55 1.43 2.35 3.08 3.63 4.11
0.01 0.68 1.58 2.46 3.16 3.75 4.30
0.01 0.53 1.54 2.36 3.00 3.58 4.01
0.02 0.53 1.45 2.38 3.11 3.66 4.17
0.00 0.55 1.49 2.38 3.10 3.62 4.13
0.02 0.51 1.39 2.28 3.06 3.69 4.18
0.01 0.66 1.54 2.47 3.15 3.72 4.16
0.00 0.62 1.55 2.32 2.99 3.55 4.00
0.01 0.53 1.44 2.31 2.98 3.56 4.02
0.01 0.58 1.53 2.34 3.04 3.55 4.08
0.01 0.69 1.67 2.55 3.30 3.89 4.38
0.02 0.57 1.44 2.27 2.99 3.56 4.10
0.00 0.51 1.39 2.21 2.87 3.53 4.00
0.01 0.65 1.57 2.49 3.19 3.74 4.18
0.01 0.64 1.51 2.34 3.00 3.56 4.03
0.01 0.63 1.53 2.26 2.94 3.49 3.93
0.00 0.60 1.54 2.34 2.99 3.58 4.05
0.01 0.62 1.44 2.21 2.86 3.40 3.93
0.01 0.55 1.44 2.31 3.01 3.55 4.02
0.01 0.68 1.58 2.45 3.11 3.68 4.11
0.01 0.55 1.38 2.27 2.95 3.64 4.09
0.02 0.59 1.50 2.34 3.04 3.66 4.10
0.01 0.51 1.39 2.26 2.91 3.49 3.92
0.01 0.57 1.45 2.36 3.04 3.70 4.10
0.01 0.62 1.62 2.43 3.22 3.82 4.25
0.02 0.63 1.49 2.28 3.03 3.62 4.06
0.00 0.63 1.50 2.33 3.01 3.66 4.11
0.01 0.54 1.35 2.17 2.78 3.42 3.87
0.01 0.69 1.57 2.39 3.13 3.68 4.15
0.01 0.63 1.51 2.33 3.00 3.55 4.03
0.01 0.56 1.47 2.20 3.01 3.59 4.05
0.02 0.69 1.56 2.42 3.12 3.69 4.18
0.04 0.69 1.53 2.34 3.07 3.65 4.17
0.01 0.56 1.40 2.36 3.11 3.77 4.23
0.00 0.58 1.51 2.36 3.05 3.61 4.06
0.01 0.66 1.55 2.37 3.07 3.64 4.04
0.00 0.60 1.47 2.35 3.02 3.63 4.08
0.01 0.61 1.48 2.37 3.02 3.63 4.12
0.04 0.74 1.65 2.49 3.25 3.89 4.37
0.01 0.63 1.50 2.37 3.05 3.51 4.03
0.01 0.55 1.42 2.26 2.92 3.46 3.93
0.01 0.58 1.48 2.28 3.14 3.69 4.09
0.01 0.55 1.47 2.31 3.03 3.57 4.07
0.03 0.70 1.65 2.63 3.28 3.86 4.36
0.01 0.59 1.47 2.33 2.99 3.66 4.08
0.01 0.56 1.54 2.40 3.05 3.65 4.09
0.02 0.65 1.53 2.33 3.05 3.64 4.08
0.00 0.60 1.34 2.18 2.87 3.47 4.03
0.00 0.63 1.55 2.37 2.98 3.55 4.03
0.01 0.65 1.56 2.45 3.19 3.76 4.19
0.01 0.49 1.38 2.18 2.89 3.40 3.88
0.01 0.61 1.49 2.26 3.02 3.51 3.94
0.01 0.68 1.63 2.48 3.28 3.84 4.27
0.01 0.52 1.43 2.29 2.88 3.46 3.94
0.01 0.61 1.53 2.24 2.87 3.42 3.90
0.01 0.68 1.62 2.53 3.27 3.82 4.29
0.01 0.71 1.58 2.38 3.09 3.56 4.08
0.02 0.74 1.65 2.51 3.21 3.77 4.26
0.02 0.63 1.55 2.41 3.19 3.76 4.22
0.01 0.69 1.60 2.51 3.15 3.74 4.17
0.01 0.65 1.60 2.49 3.20 3.77 4.24
0.01 0.58 1.42 2.25 2.92 3.46 4.01
0.03 0.72 1.65 2.52 3.24 3.77 4.21
0.01 0.76 1.68 2.38 3.02 3.64 4.11
0.01 0.71 1.62 2.47 3.16 3.64 4.06
0.01 0.60 1.44 2.28 3.01 3.56 4.02
0.01 0.54 1.41 2.20 2.89 3.46 3.95
0.02 0.62 1.58 2.41 3.10 3.67 4.08
0.01 0.60 1.56 2.44 3.16 3.75 4.24
0.01 0.54 1.55 2.30 3.03 3.59 4.12
0.00 0.49 1.39 2.35 3.11 3.69 4.18
0.01 0.64 1.35 2.10 2.86 3.46 3.89
0.01 0.56 1.46 2.22 2.95 3.51 3.98
0.01 0.54 1.40 2.24 2.93 3.55 4.06
0.01 0.67 1.53 2.33 3.06 3.69 4.19
0.02 0.66 1.51 2.35 3.03 3.56 4.05
0.02 0.68 1.58 2.41 3.15 3.65 4.14
0.01 0.63 1.60 2.41 3.05 3.68 4.09
0.02 0.62 1.56 2.38 3.03 3.67 4.08
0.00 0.63 1.50 2.46 3.11 3.68 4.10
0.01 0.64 1.58 2.32 2.99 3.46 3.98
0.04 0.59 1.53 2.34 3.00 3.56 4.00
0.01 0.65 1.69 2.60 3.27 3.84 4.33
0.01 0.56 1.50 2.43 3.14 3.75 4.18
0.01 0.71 1.53 2.43 3.17 3.66 4.06
0.01 0.57 1.56 2.36 3.04 3.57 3.97
0.01 0.54 1.51 2.37 3.12 3.73 4.15
0.00 0.59 1.42 2.24 3.08 3.55 3.96
0.02 0.57 1.46 2.29 2.98 3.62 4.03
0.01 0.72 1.58 2.44 3.10 3.71 4.15
0.00 0.53 1.50 2.33 3.06 3.61 4.05
0.01 0.57 1.52 2.33 2.98 3.54 3.92
0.01 0.68 1.60 2.47 3.20 3.74 4.21
0.01 0.66 1.61 2.46 3.25 3.80 4.24
0.00 0.44 1.38 2.20 2.84 3.44 3.85
0.01 0.69 1.48 2.37 3.15 3.77 4.23
0.01 0.56 1.50 2.28 3.05 3.61 3.99
0.01 0.53 1.47 2.32 3.08 3.58 4.02
0.00 0.68 1.65 2.50 3.32 3.81 4.22
0.00 0.16 0.90 1.99 2.75 3.38 3.78
0.01 0.56 1.47 2.35 3.05 3.64 4.09
0.01 0.67 1.59 2.44 3.10 3.65 4.03
0.00 0.49 1.43 2.22 3.03 3.54 3.96
0.01 0.68 1.53 2.32 3.10 3.58 3.97
0.00 0.00 0.00 0.00 0.00 0.00 0.00
0.00 0.13 0.94 1.96 2.81 3.50 3.92
0.00 0.11 0.46 1.59 2.55 3.31 3.92
0.00 0.00 0.00 0.00 0.00 0.00 0.00
0.00 0.52 1.46 2.33 3.00 3.58 3.99
0.00 0.01 0.14 0.42 1.00 2.10 3.06
0.00 0.40 1.49 2.35 3.18 3.75 4.14
0.01 0.32 1.33 2.22 2.99 3.59 4.04
0.02 0.66 1.73 2.58 3.24 3.75 4.13
0.00 0.29 1.26 2.22 3.06 3.53 4.06
0.00 0.01 0.07 0.22 0.68 1.56 2.65
0.00 0.32 1.43 2.43 3.18 3.79 4.23
0.00 0.10 0.65 1.70 2.55 3.28 3.91
0.00 0.09 0.93 1.87 2.69 3.35 3.81
0.00 0.07 0.60 1.77 2.66 3.40 3.91
0.00 0.09 0.66 1.81 2.71 3.44 4.02
0.00 0.00 0.00 0.00 0.00 0.00 0.00
0.00 0.00 0.00 0.00 0.00 0.00 0.00
0.00 0.00 0.01 0.07 0.13 0.24 0.54
0.00 0.00 0.06 0.16 0.40 0.91 2.08
0.00 0.00 0.00 0.00 0.00 0.00 0.00
0.00 0.00 0.00 0.00 0.00 0.00 0.00
0.00 0.00 0.00 0.00 0.00 0.00 0.00
0.00 0.00 0.00 0.00 0.00 0.00 0.00
0.00 0.00 0.01 0.05 0.09 0.20 0.41
0.00 0.00 0.00 0.00 0.00 0.00 0.00
0.00 0.04 0.24 0.97 2.19 3.09 3.69
0.00 0.00 0.01 0.01 0.03 0.07 0.11
0.00 0.00 0.01 0.03 0.07 0.16 0.33
0.00 0.00 0.00 0.00 0.00 0.00 0.00
0.00 0.00 0.00 0.00 0.00 0.00 0.00
0.00 0.01 0.02 0.05 0.08 0.13 0.21
0.00 0.00 0.00 0.00 0.00 0.00 0.00
0.00 0.00 0.01 0.03 0.09 0.15 0.22
0.00 0.00 0.00 0.00 0.00 0.00 0.00
0.00 0.00 0.01 0.03 0.07 0.14 0.22
0.00 0.01 0.03 0.09 0.21 0.41 0.85
0.00 0.00 0.01 0.02 0.03 0.09 0.15
0.00 0.01 0.02 0.04 0.09 0.15 0.19
0.00 0.00 0.00 0.00 0.00 0.00 0.00
0.00 0.01 0.02 0.04 0.08 0.14 0.24
0.00 0.00 0.00 0.00 0.00 0.00 0.00
0.00 0.00 0.00 0.00 0.00 0.00 0.00
0.00 0.00 0.00 0.00 0.00 0.00 0.00
0.00 0.00 0.01 0.03 0.06 0.07 0.11
0.00 0.00 0.00 0.00 0.00 0.00 0.00
0.00 0.00 0.00 0.00 0.00 0.00 0.00
0.00 0.00 0.01 0.02 0.03 0.07 0.12
0.00 0.00 0.00 0.00 0.00 0.00 0.00
0.00 0.00 0.00 0.00 0.00 0.00 0.00
0.00 0.00 0.00 0.00 0.00 0.00 0.00
0.00 0.00 0.00 0.00 0.00 0.00 0.00
0.00 0.00 0.00 0.00 0.00 0.00 0.00
0.00 0.00 0.00 0.00 0.00 0.00 0.00
0.00 0.00 0.01 0.03 0.03 0.06 0.12
0.00 0.00 0.00 0.00 0.00 0.00 0.00
0.00 0.00 0.00 0.00 0.00 0.00 0.00
0.00 0.00 0.01 0.04 0.07 0.16 0.25
0.00 0.00 0.00 0.00 0.00 0.00 0.00
0.00 0.00 0.01 0.02 0.06 0.09 0.11
0.00 0.00 0.01 0.03 0.11 0.18 0.28
0.00 0.00 0.00 0.00 0.00 0.00 0.00
0.00 0.02 0.04 0.09 0.14 0.25 0.40
0.00 0.01 0.06 0.13 0.34 0.63 1.11
0.00 0.00 0.01 0.03 0.08 0.16 0.25
0.00 0.01 0.04 0.10 0.26 0.46 0.78
0.00 0.00 0.00 0.00 0.00 0.00 0.00
0.00 0.01 0.12 0.24 0.54 1.14 2.03
0.00 0.00 0.04 0.10 0.24 0.35 0.58
0.00 0.00 0.01 0.06 0.15 0.28 0.48
0.00 0.00 0.00 0.00 0.00 0.00 0.00
0.00 0.00 0.00 0.00 0.00 0.00 0.00
0.00 0.00 0.02 0.10 0.26 0.40 0.77
0.00 0.01 0.06 0.22 0.50 1.04 1.89
0.01 0.01 0.06 0.12 0.27 0.53 0.86
0.00 0.03 0.11 0.23 0.62 1.52 2.20
0.00 0.00 0.00 0.00 0.00 0.00 0.00
0.00 0.00 0.00 0.00 0.00 0.00 0.00
0.00 0.02 0.15 0.60 1.44 2.04 2.44
0.00 0.02 0.10 0.28 0.69 1.56 2.12
0.00 0.00 0.02 0.09 0.18 0.30 0.50
0.00 0.00 0.00 0.00 0.00 0.00 0.00
0.00 0.01 0.14 0.50 1.24 1.88 2.38
0.00 0.02 0.10 0.43 1.22 1.87 2.34
0.00 0.03 0.17 0.78 1.65 2.08 2.46
0.00 0.09 0.54 1.31 1.85 2.26 2.56
0.00 0.12 0.71 1.42 1.90 2.26 2.50
0.00 0.08 0.75 1.44 1.96 2.34 2.70
0.00 0.05 0.26 0.96 1.79 2.25 2.59
0.00 0.33 1.06 1.59 1.94 2.22 2.51
0.00 0.00 0.00 0.00 0.00 0.00 0.00
0.00 0.16 0.99 1.63 2.07 2.36 2.70
0.00 0.10 0.46 1.22 1.78 2.09 2.37
0.00 0.00 0.00 0.00 0.00 0.00 0.00
0.00 0.06 0.39 1.16 1.72 2.13 2.47
0.00 0.16 0.88 1.55 1.99 2.34 2.58
0.00 0.06 0.34 1.06 1.61 2.05 2.43
0.00 0.00 0.00 0.00 0.00 0.00 0.00
0.00 0.00 0.00 0.00 0.00 0.00 0.00
0.01 0.62 1.28 1.80 2.21 2.46 2.69
0.00 0.05 0.27 0.89 1.54 2.08 2.37
0.00 0.00 0.00 0.00 0.00 0.00 0.00
0.00 0.00 0.00 0.00 0.00 0.00 0.00
0.01 0.65 1.35 1.86 2.20 2.46 2.69
0.01 0.50 1.27 1.77 2.15 2.39 2.68
0.01 0.57 1.28 1.81 2.12 2.39 2.61
0.02 0.50 1.21 1.67 2.02 2.32 2.59
0.01 0.55 1.23 1.69 2.04 2.32 2.57
0.01 0.58 1.29 1.77 2.09 2.44 2.69
0.02 0.61 1.37 1.86 2.25 2.59 2.86
0.00 0.56 1.30 1.85 2.25 2.56 2.81
0.03 0.72 1.39 1.89 2.36 2.65 2.83
0.00 0.54 1.27 1.84 2.22 2.52 2.75
0.00 0.53 1.17 1.80 2.22 2.52 2.71
0.02 0.70 1.50 2.09 2.43 2.74 2.97
0.01 0.66 1.42 1.96 2.41 2.68 2.95
0.01 0.47 1.16 1.77 2.17 2.46 2.73
0.00 0.54 1.20 1.83 2.22 2.48 2.71
0.01 0.57 1.37 1.94 2.33 2.68 2.94
0.01 0.49 1.19 1.86 2.33 2.62 2.88
0.00 0.52 1.22 1.75 2.18 2.47 2.70
0.00 0.47 1.21 1.78 2.18 2.55 2.80
0.01 0.43 1.14 1.68 2.16 2.50 2.75
0.01 0.53 1.13 1.60 1.97 2.34 2.58
0.01 0.43 1.01 1.46 1.85 2.25 2.55
0.00 0.32 0.85 1.32 1.78 2.12 2.37
0.00 0.17 0.82 1.30 1.74 2.10 2.44
0.00 0.29 0.97 1.49 1.91 2.27 2.59
0.00 0.33 0.86 1.33 1.72 1.99 2.37
0.01 0.40 0.93 1.37 1.75 2.03 2.33
0.00 0.39 0.88 1.27 1.63 1.91 2.23
0.00 0.25 0.79 1.25 1.61 1.99 2.31
0.00 0.29 0.76 1.17 1.56 1.86 2.12
0.01 0.17 0.70 1.11 1.42 1.74 2.02
0.00 0.11 0.70 1.14 1.52 1.80 2.09
0.00 0.09 0.64 1.11 1.41 1.75 2.03
0.00 0.38 0.87 1.29 1.57 1.83 2.12
0.00 0.30 0.74 1.09 1.36 1.68 1.96
0.00 0.36 0.84 1.21 1.48 1.77 2.00
0.00 0.04 0.40 0.88 1.23 1.54 1.77
0.00 0.26 0.84 1.27 1.60 1.90 2.17
0.00 0.06 0.59 1.06 1.37 1.62 1.90
0.00 0.04 0.44 0.95 1.28 1.52 1.78
0.00 0.00 0.00 0.00 0.00 0.00 0.00
0.00 0.28 0.76 1.06 1.30 1.57 1.77
0.00 0.11 0.62 1.07 1.35 1.61 1.83
0.00 0.13 0.70 0.97 1.22 1.42 1.63
0.00 0.07 0.62 0.97 1.27 1.49 1.70
0.00 0.07 0.54 0.92 1.16 1.41 1.60
0.00 0.04 0.25 0.78 1.13 1.36 1.55
0.00 0.00 0.00 0.00 0.00 0.00 0.00
0.00 0.00 0.00 0.00 0.00 0.00 0.00
0.00 0.00 0.00 0.00 0.00 0.00 0.00
0.00 0.29 0.77 1.03 1.19 1.40 1.61
0.00 0.01 0.09 0.24 0.82 1.20 1.43
0.00 0.03 0.48 0.92 1.12 1.33 1.48
0.00 0.24 0.72 1.02 1.18 1.36 1.53
0.00 0.02 0.06 0.33 0.86 1.18 1.34
0.00 0.00 0.00 0.00 0.00 0.00 0.00
0.00 0.00 0.00 0.00 0.00 0.00 0.00
0.00 0.01 0.03 0.10 0.30 0.84 1.18
0.00 0.14 0.64 0.92 1.12 1.28 1.39
0.00 0.00 0.00 0.00 0.00 0.00 0.00
0.00 0.00 0.02 0.10 0.41 0.99 1.28
0.00 0.03 0.23 0.78 1.03 1.21 1.37
0.00 0.01 0.03 0.08 0.19 0.60 1.13
0.00 0.03 0.25 0.84 1.14 1.34 1.46
0.00 0.00 0.00 0.00 0.00 0.00 0.00
0.00 0.00 0.00 0.00 0.00 0.00 0.00
0.00 0.19 0.81 1.13 1.27 1.43 1.52
0.00 0.00 0.02 0.05 0.13 0.28 0.71
0.00 0.01 0.02 0.09 0.28 0.81 1.18
0.00 0.08 0.57 0.95 1.19 1.32 1.42
0.00 0.02 0.14 0.45 1.02 1.25 1.40
0.00 0.01 0.03 0.19 0.67 1.12 1.32
0.00 0.01 0.22 0.79 1.10 1.23 1.31
0.00 0.40 0.88 1.19 1.32 1.41 1.52
0.00 0.01 0.12 0.50 0.94 1.22 1.35
0.00 0.01 0.02 0.08 0.30 0.85 1.08
0.00 0.11 0.58 0.93 1.17 1.28 1.35
0.00 0.13 0.68 1.02 1.16 1.30 1.35
0.00 0.07 0.34 0.91 1.20 1.32 1.41
0.00 0.41 0.80 1.06 1.24 1.31 1.37
0.00 0.04 0.21 0.66 1.02 1.18 1.28
0.00 0.32 0.77 1.00 1.13 1.24 1.29
0.00 0.00 0.00 0.00 0.00 0.00 0.00
0.01 0.47 0.87 1.09 1.22 1.28 1.40
0.00 0.14 0.64 0.99 1.20 1.30 1.38
0.00 0.43 0.81 1.07 1.21 1.28 1.35
0.01 0.44 0.87 1.15 1.31 1.38 1.44
0.00 0.40 0.81 1.07 1.19 1.29 1.33
0.00 0.43 0.72 0.92 1.09 1.20 1.27
0.00 0.41 0.81 1.02 1.14 1.24 1.32
0.00 0.14 0.66 0.96 1.15 1.30 1.37
0.00 0.41 0.81 1.04 1.18 1.26 1.31
0.02 0.44 0.78 0.98 1.07 1.17 1.25
0.01 0.52 0.89 1.11 1.26 1.35 1.44
0.01 0.50 0.91 1.18 1.30 1.41 1.51
0.02 0.52 0.93 1.10 1.25 1.32 1.41
0.03 0.48 0.88 1.10 1.23 1.37 1.44
0.01 0.46 0.81 0.99 1.12 1.25 1.32
0.02 0.43 0.82 1.06 1.19 1.30 1.40
0.01 0.41 0.81 1.03 1.15 1.25 1.34
0.00 0.38 0.80 1.05 1.15 1.27 1.33
0.00 0.09 0.52 0.87 1.07 1.22 1.31
0.00 0.28 0.75 1.02 1.17 1.31 1.45
0.00 0.01 0.06 0.27 0.82 1.15 1.28
0.00 0.08 0.63 0.96 1.18 1.31 1.42
0.00 0.02 0.16 0.63 1.04 1.19 1.31
0.00 0.00 0.00 0.00 0.00 0.00 0.00
0.00 0.00 0.00 0.00 0.00 0.00 0.00
0.00 0.00 0.00 0.00 0.00 0.00 0.00
0.00 0.01 0.03 0.07 0.25 0.88 1.24
0.00 0.00 0.00 0.00 0.00 0.00 0.00
0.00 0.00 0.00 0.00 0.00 0.00 0.00
0.00 0.00 0.00 0.01 0.04 0.04 0.07
0.00 0.00 0.01 0.02 0.03 0.05 0.08
0.00 0.00 0.00 0.00 0.00 0.00 0.00
0.01 0.01 0.01 0.01 0.04 0.07 0.11
0.00 0.00 0.00 0.00 0.00 0.00 0.00
0.00 0.00 0.00 0.00 0.00 0.00 0.00
0.00 0.01 0.01 0.01 0.01 0.02 0.04
0.00 0.00 0.00 0.00 0.00 0.00 0.00
0.00 0.00 0.01 0.01 0.02 0.03 0.05
0.00 0.00 0.00 0.00 0.00 0.00 0.00
0.00 0.00 0.01 0.01 0.01 0.02 0.05
0.00 0.00 0.00 0.00 0.00 0.00 0.00
0.00 0.00 0.00 0.00 0.00 0.00 0.00
0.00 0.00 0.00 0.00 0.00 0.00 0.00
0.00 0.00 0.00 0.00 0.00 0.01 0.04
0.00 0.00 0.00 0.00 0.00 0.00 0.00
0.00 0.00 0.00 0.01 0.03 0.06 0.07
0.00 0.00 0.01 0.01 0.04 0.07 0.09
0.00 0.00 0.00 0.00 0.00 0.00 0.00
0.00 0.00 0.00 0.00 0.00 0.00 0.00
0.00 0.00 0.00 0.00 0.00 0.00 0.00
0.00 0.00 0.00 0.03 0.04 0.05 0.09
0.00 0.00 0.00 0.00 0.00 0.00 0.00
0.00 0.00 0.00 0.00 0.00 0.00 0.00
0.00 0.00 0.00 0.00 0.00 0.00 0.00
0.00 0.00 0.00 0.00 0.00 0.00 0.00
0.00 0.00 0.00 0.01 0.04 0.08 0.15
0.00 0.00 0.00 0.00 0.00 0.00 0.00
0.00 0.00 0.00 0.00 0.00 0.00 0.00
0.00 0.00 0.00 0.00 0.00 0.00 0.00
0.00 0.00 0.00 0.00 0.00 0.00 0.00
0.00 0.00 0.01 0.01 0.02 0.06 0.10
0.00 0.00 0.00 0.00 0.01 0.06 0.09
0.00 0.00 0.00 0.01 0.03 0.06 0.10
0.00 0.00 0.00 0.00 0.00 0.00 0.00
0.00 0.00 0.00 0.00 0.00 0.00 0.00
0.00 0.00 0.01 0.03 0.04 0.07 0.10
0.00 0.00 0.01 0.04 0.07 0.09 0.14
0.00 0.00 0.00 0.00 0.00 0.00 0.00
0.00 0.00 0.00 0.00 0.00 0.00 0.00
0.00 0.00 0.01 0.02 0.04 0.10 0.13
0.00 0.00 0.00 0.00 0.00 0.00 0.00
0.00 0.00 0.00 0.00 0.00 0.00 0.00
0.00 0.00 0.01 0.01 0.08 0.13 0.17
0.00 0.00 0.00 0.00 0.00 0.00 0.00
0.00 0.00 0.01 0.03 0.06 0.09 0.17
0.00 0.00 0.00 0.00 0.00 0.00 0.00
0.00 0.00 0.00 0.00 0.00 0.00 0.00
0.00 0.00 0.02 0.05 0.09 0.13 0.19
0.00 0.00 0.01 0.03 0.07 0.12 0.19
0.00 0.00 0.01 0.03 0.08 0.15 0.18
0.00 0.00 0.00 0.05 0.12 0.20 0.28
0.00 0.01 0.03 0.04 0.10 0.17 0.24
0.00 0.01 0.03 0.08 0.14 0.17 0.23
0.00 0.00 0.03 0.05 0.10 0.16 0.25
0.00 0.00 0.00 0.00 0.00 0.00 0.00
0.00 0.00 0.02 0.07 0.13 0.19 0.25
0.00 0.00 0.03 0.04 0.12 0.16 0.22
0.00 0.00 0.03 0.05 0.12 0.18 0.24
0.00 0.01 0.04 0.06 0.13 0.22 0.31
0.00 0.01 0.04 0.09 0.12 0.18 0.28
0.00 0.00 0.04 0.09 0.15 0.18 0.25
0.00 0.00 0.00 0.00 0.00 0.00 0.00
0.00 0.00 0.00 0.00 0.00 0.00 0.00
0.00 0.00 0.00 0.00 0.00 0.00 0.00
0.00 0.00 0.00 0.00 0.00 0.00 0.00
0.00 0.00 0.02 0.06 0.09 0.18 0.28
0.00 0.01 0.03 0.07 0.18 0.26 0.36
0.00 0.00 0.00 0.00 0.00 0.00 0.00
0.00 0.01 0.03 0.07 0.16 0.25 0.33
0.00 0.01 0.05 0.10 0.16 0.22 0.28
0.00 0.01 0.04 0.08 0.14 0.21 0.30
0.00 0.00 0.03 0.09 0.13 0.19 0.25
0.00 0.01 0.05 0.12 0.15 0.19 0.31
0.00 0.00 0.02 0.05 0.14 0.21 0.29
0.00 0.01 0.03 0.05 0.10 0.14 0.22
0.00 0.00 0.00 0.00 0.00 0.00 0.00
0.00 0.00 0.00 0.02 0.07 0.16 0.25
0.00 0.00 0.00 0.00 0.00 0.00 0.00
0.00 0.00 0.04 0.07 0.11 0.20 0.34
0.00 0.00 0.01 0.04 0.09 0.15 0.25
0.00 0.00 0.02 0.06 0.10 0.14 0.21
0.00 0.00 0.02 0.05 0.08 0.18 0.26
0.00 0.00 0.02 0.07 0.14 0.21 0.31
0.00 0.00 0.00 0.00 0.00 0.00 0.00
0.01 0.01 0.02 0.08 0.19 0.27 0.39
0.00 0.00 0.00 0.03 0.09 0.15 0.25
0.00 0.00 0.01 0.03 0.09 0.16 0.23
0.00 0.00 0.01 0.04 0.09 0.19 0.27
0.00 0.01 0.02 0.05 0.10 0.16 0.24
0.00 0.00 0.01 0.04 0.07 0.11 0.19
0.00 0.01 0.02 0.06 0.09 0.15 0.28
0.00 0.00 0.02 0.09 0.24 0.65 0.92
0.00 0.00 0.00 0.04 0.10 0.16 0.33
0.00 0.00 0.01 0.05 0.11 0.21 0.58
0.00 0.01 0.02 0.06 0.15 0.38 0.93
0.00 0.00 0.02 0.06 0.15 0.45 0.86
0.00 0.02 0.09 0.32 0.70 0.85 1.00
0.00 0.00 0.00 0.00 0.00 0.00 0.00
0.01 0.41 0.66 0.75 0.82 0.88 0.95
0.00 0.01 0.03 0.07 0.24 0.69 0.93
0.00 0.02 0.12 0.51 0.72 0.84 0.96
0.00 0.00 0.00 0.00 0.00 0.00 0.00
0.01 0.42 0.69 0.78 0.86 0.93 1.02
0.04 0.44 0.63 0.71 0.80 0.87 0.94
0.03 0.45 0.72 0.81 0.88 0.94 0.99
0.06 0.43 0.63 0.72 0.77 0.83 0.88
0.03 0.42 0.68 0.79 0.87 0.94 1.01
0.04 0.47 0.74 0.84 0.90 0.96 1.04
0.03 0.42 0.64 0.75 0.81 0.90 0.96
0.02 0.36 0.60 0.72 0.78 0.81 0.87
0.03 0.41 0.60 0.69 0.75 0.80 0.84
0.04 0.46 0.69 0.76 0.83 0.89 0.95
0.04 0.41 0.62 0.74 0.81 0.89 0.97
0.03 0.41 0.61 0.71 0.77 0.80 0.88
0.02 0.40 0.63 0.71 0.79 0.84 0.92
0.01 0.45 0.75 0.86 0.93 1.03 1.10
0.02 0.35 0.59 0.67 0.74 0.83 0.89
0.01 0.41 0.63 0.75 0.81 0.86 0.95
0.04 0.40 0.60 0.72 0.78 0.83 0.88
0.01 0.01 0.03 0.04 0.13 0.39 0.73
0.00 0.00 0.04 0.24 0.63 0.77 0.88
0.00 0.00 0.01 0.03 0.21 0.53 0.75
0.00 0.01 0.01 0.04 0.16 0.57 0.80
0.00 0.00 0.00 0.00 0.00 0.00 0.00
0.00 0.00 0.00 0.00 0.00 0.00 0.00
0.00 0.00 0.00 0.00 0.00 0.00 0.00
0.00 0.00 0.01 0.03 0.08 0.16 0.42
0.00 0.00 0.00 0.00 0.00 0.00 0.00
0.00 0.01 0.01 0.04 0.08 0.29 0.70
0.00 0.00 0.00 0.00 0.00 0.00 0.00
0.00 0.00 0.00 0.03 0.05 0.07 0.13
0.00 0.01 0.01 0.04 0.09 0.13 0.32
0.00 0.00 0.00 0.01 0.03 0.06 0.14
0.00 0.00 0.00 0.00 0.00 0.00 0.00
0.00 0.00 0.00 0.01 0.06 0.09 0.16
0.00 0.00 0.00 0.00 0.00 0.00 0.00
0.00 0.00 0.00 0.00 0.00 0.00 0.00
0.00 0.00 0.00 0.00 0.00 0.00 0.00
0.00 0.01 0.03 0.04 0.06 0.09 0.15
0.00 0.00 0.00 0.00 0.00 0.00 0.00
0.00 0.00 0.00 0.00 0.00 0.00 0.00
0.00 0.00 0.00 0.01 0.03 0.07 0.12
0.00 0.00 0.01 0.04 0.06 0.08 0.13
0.00 0.00 0.00 0.01 0.06 0.12 0.18
0.00 0.00 0.00 0.01 0.07 0.10 0.15
0.00 0.01 0.01 0.03 0.07 0.12 0.16
0.00 0.00 0.00 0.00 0.00 0.00 0.00
0.00 0.00 0.00 0.00 0.00 0.00 0.00
0.00 0.00 0.00 0.00 0.00 0.00 0.00
0.00 0.00 0.01 0.04 0.06 0.08 0.15
0.00 0.00 0.01 0.04 0.09 0.14 0.17
0.00 0.00 0.00 0.04 0.09 0.13 0.19
0.00 0.00 0.00 0.00 0.00 0.00 0.00
0.00 0.00 0.00 0.00 0.00 0.00 0.00
0.00 0.00 0.01 0.04 0.10 0.14 0.18
0.00 0.01 0.01 0.04 0.09 0.16 0.26
0.00 0.00 0.01 0.03 0.07 0.10 0.17
0.00 0.00 0.01 0.01 0.05 0.09 0.15
0.00 0.00 0.01 0.04 0.10 0.15 0.19
0.00 0.00 0.00 0.00 0.00 0.00 0.00
0.01 0.01 0.02 0.06 0.08 0.13 0.21
0.00 0.00 0.01 0.03 0.07 0.11 0.16
0.00 0.00 0.00 0.00 0.00 0.00 0.00
0.00 0.00 0.00 0.00 0.00 0.00 0.00
0.00 0.00 0.00 0.00 0.00 0.00 0.00
0.00 0.01 0.02 0.04 0.08 0.11 0.20
0.00 0.00 0.00 0.00 0.00 0.00 0.00
0.00 0.00 0.02 0.05 0.09 0.16 0.25
0.00 0.00 0.01 0.03 0.07 0.10 0.16
0.00 0.00 0.00 0.00 0.00 0.00 0.00
0.00 0.00 0.01 0.03 0.11 0.14 0.21
0.00 0.00 0.01 0.04 0.07 0.14 0.19
0.00 0.00 0.01 0.02 0.07 0.12 0.21
0.00 0.00 0.01 0.05 0.09 0.12 0.21
0.00 0.00 0.01 0.04 0.08 0.16 0.21
0.00 0.00 0.01 0.04 0.07 0.13 0.19
0.00 0.01 0.01 0.03 0.07 0.14 0.24
0.00 0.01 0.02 0.05 0.09 0.17 0.24
0.00 0.00 0.01 0.06 0.07 0.14 0.19
0.00 0.00 0.02 0.06 0.09 0.14 0.21
0.01 0.01 0.02 0.07 0.10 0.16 0.21
0.01 0.01 0.02 0.06 0.09 0.16 0.24
0.00 0.00 0.02 0.06 0.09 0.16 0.21
0.00 0.01 0.01 0.06 0.09 0.14 0.19
0.00 0.00 0.00 0.00 0.00 0.00 0.00
0.00 0.00 0.00 0.05 0.07 0.11 0.15
0.00 0.00 0.00 0.03 0.10 0.15 0.25
0.00 0.00 0.00 0.00 0.00 0.00 0.00
0.00 0.00 0.00 0.00 0.00 0.00 0.00
0.00 0.00 0.01 0.03 0.05 0.08 0.13
0.00 0.00 0.00 0.00 0.00 0.00 0.00
0.00 0.00 0.02 0.04 0.07 0.15 0.21
0.00 0.01 0.01 0.03 0.07 0.13 0.25
0.00 0.00 0.02 0.04 0.10 0.15 0.25
0.00 0.01 0.03 0.04 0.08 0.13 0.27
0.00 0.00 0.00 0.05 0.10 0.19 0.57
0.00 0.01 0.03 0.05 0.11 0.29 0.60
0.00 0.00 0.01 0.03 0.09 0.21 0.42
0.00 0.02 0.04 0.10 0.26 0.65 0.76
0.00 0.00 0.02 0.05 0.11 0.23 0.60
0.00 0.01 0.10 0.44 0.53 0.61 0.67
0.00 0.01 0.02 0.10 0.27 0.60 0.81
0.00 0.01 0.03 0.06 0.11 0.26 0.67
0.00 0.12 0.50 0.59 0.66 0.72 0.79
0.00 0.01 0.06 0.39 0.63 0.74 0.81
0.00 0.01 0.03 0.08 0.17 0.36 0.73
0.00 0.00 0.00 0.00 0.00 0.00 0.00
0.00 0.00 0.00 0.00 0.00 0.00 0.00
0.00 0.00 0.00 0.00 0.00 0.00 0.00
0.00 0.00 0.02 0.06 0.11 0.28 0.66
0.00 0.01 0.04 0.09 0.19 0.48 0.66
0.00 0.01 0.03 0.07 0.21 0.56 0.71
0.00 0.00 0.01 0.06 0.09 0.15 0.41
0.00 0.00 0.01 0.05 0.14 0.50 0.70
0.00 0.00 0.00 0.00 0.00 0.00 0.00
0.00 0.00 0.02 0.05 0.07 0.12 0.23
0.00 0.00 0.00 0.00 0.00 0.00 0.00
0.00 0.00 0.01 0.03 0.07 0.16 0.22
0.00 0.01 0.03 0.06 0.10 0.19 0.29
0.00 0.00 0.03 0.05 0.10 0.18 0.28
0.00 0.01 0.02 0.06 0.10 0.15 0.25
0.00 0.00 0.00 0.01 0.07 0.13 0.24
0.00 0.01 0.02 0.06 0.10 0.20 0.31
0.00 0.00 0.02 0.04 0.10 0.17 0.28
0.00 0.01 0.01 0.04 0.12 0.19 0.28
0.00 0.01 0.01 0.05 0.11 0.18 0.25
0.00 0.01 0.01 0.04 0.08 0.15 0.24
0.00 0.00 0.00 0.00 0.00 0.00 0.00
0.00 0.00 0.01 0.02 0.05 0.12 0.21
0.00 0.00 0.00 0.03 0.05 0.10 0.18
0.00 0.00 0.00 0.00 0.00 0.00 0.00
0.00 0.00 0.00 0.00 0.00 0.00 0.00
0.00 0.00 0.01 0.03 0.08 0.13 0.19
0.00 0.00 0.00 0.00 0.00 0.00 0.00
0.00 0.00 0.01 0.04 0.07 0.13 0.20
0.00 0.00 0.00 0.00 0.00 0.00 0.00
0.00 0.00 0.00 0.00 0.00 0.00 0.00
0.00 0.00 0.00 0.00 0.00 0.00 0.00
0.00 0.01 0.03 0.05 0.07 0.12 0.19
0.00 0.00 0.00 0.00 0.00 0.00 0.00
0.00 0.00 0.00 0.00 0.00 0.00 0.00
0.00 0.00 0.01 0.04 0.06 0.12 0.19
0.00 0.00 0.00 0.00 0.00 0.00 0.00
0.00 0.01 0.02 0.06 0.10 0.17 0.29
0.00 0.01 0.02 0.03 0.09 0.12 0.17
0.00 0.00 0.00 0.03 0.08 0.13 0.19
0.00 0.00 0.00 0.00 0.00 0.00 0.00
0.00 0.00 0.00 0.00 0.00 0.00 0.00
0.00 0.00 0.00 0.00 0.00 0.00 0.00
0.00 0.00 0.00 0.00 0.00 0.00 0.00
0.00 0.00 0.01 0.04 0.13 0.18 0.26
0.00 0.00 0.02 0.05 0.07 0.15 0.19
0.00 0.00 0.00 0.00 0.00 0.00 0.00
0.00 0.00 0.00 0.00 0.00 0.00 0.00
0.00 0.01 0.01 0.04 0.09 0.14 0.24
0.00 0.01 0.02 0.04 0.09 0.12 0.19
0.00 0.01 0.03 0.07 0.10 0.15 0.29
0.00 0.00 0.01 0.02 0.06 0.11 0.18
0.00 0.00 0.00 0.00 0.00 0.00 0.00
0.00 0.00 0.01 0.07 0.11 0.18 0.60
0.00 0.01 0.03 0.06 0.13 0.20 0.28
0.00 0.00 0.00 0.00 0.00 0.00 0.00
0.00 0.00 0.01 0.06 0.11 0.18 0.27
0.00 0.00 0.00 0.00 0.00 0.00 0.00
0.00 0.00 0.00 0.00 0.00 0.00 0.00
0.00 0.00 0.00 0.00 0.00 0.00 0.00
0.00 0.00 0.00 0.00 0.00 0.00 0.00
0.00 0.01 0.02 0.06 0.12 0.16 0.22
0.00 0.00 0.00 0.00 0.00 0.00 0.00
0.00 0.01 0.01 0.06 0.09 0.15 0.35
0.00 0.00 0.00 0.00 0.00 0.00 0.00
0.00 0.00 0.02 0.03 0.06 0.15 0.21
0.00 0.00 0.00 0.04 0.07 0.15 0.27
0.01 0.01 0.02 0.04 0.07 0.14 0.26
0.00 0.00 0.01 0.04 0.08 0.17 0.34
0.00 0.00 0.02 0.04 0.07 0.17 0.24
0.00 0.00 0.02 0.06 0.12 0.19 0.31
0.00 0.00 0.01 0.04 0.10 0.17 0.27
0.00 0.01 0.03 0.06 0.12 0.18 0.27
0.00 0.00 0.01 0.03 0.07 0.16 0.23
0.00 0.00 0.01 0.03 0.07 0.12 0.22
0.00 0.01 0.01 0.04 0.08 0.15 0.29
0.00 0.00 0.00 0.00 0.00 0.00 0.00
0.00 0.00 0.01 0.04 0.09 0.16 0.23
0.00 0.01 0.01 0.06 0.10 0.19 0.28
0.00 0.00 0.01 0.03 0.06 0.12 0.20
0.00 0.00 0.00 0.05 0.09 0.15 0.22
0.00 0.01 0.03 0.04 0.10 0.16 0.22
0.00 0.00 0.01 0.04 0.09 0.16 0.22
0.00 0.01 0.03 0.06 0.12 0.17 0.25
0.00 0.00 0.02 0.04 0.07 0.12 0.24
0.00 0.00 0.02 0.06 0.10 0.16 0.23
0.00 0.00 0.01 0.05 0.10 0.17 0.23
0.00 0.01 0.01 0.02 0.08 0.14 0.24
0.00 0.00 0.01 0.05 0.10 0.16 0.26
0.00 0.00 0.02 0.04 0.07 0.16 0.28
0.00 0.00 0.00 0.00 0.00 0.00 0.00
0.00 0.00 0.03 0.07 0.11 0.18 0.24
0.00 0.00 0.00 0.00 0.00 0.00 0.00
0.00 0.00 0.00 0.00 0.00 0.00 0.00
0.00 0.01 0.02 0.05 0.11 0.18 0.25
0.00 0.00 0.02 0.06 0.10 0.17 0.25
0.00 0.01 0.03 0.05 0.11 0.22 0.26
0.00 0.00 0.01 0.05 0.10 0.16 0.24
0.00 0.00 0.01 0.06 0.13 0.18 0.25
0.00 0.00 0.00 0.00 0.00 0.00 0.00
0.00 0.00 0.02 0.07 0.14 0.18 0.27
0.00 0.00 0.00 0.05 0.10 0.17 0.24
0.00 0.00 0.01 0.06 0.16 0.23 0.32
0.00 0.00 0.05 0.09 0.14 0.24 0.31
0.00 0.00 0.02 0.04 0.09 0.18 0.28
0.00 0.00 0.01 0.05 0.10 0.17 0.24
0.00 0.01 0.02 0.04 0.08 0.15 0.22
0.00 0.00 0.01 0.06 0.12 0.17 0.23
0.00 0.00 0.03 0.04 0.12 0.19 0.25
0.00 0.00 0.03 0.06 0.10 0.16 0.22
0.00 0.00 0.00 0.00 0.00 0.00 0.00
0.00 0.01 0.04 0.04 0.11 0.16 0.24
0.00 0.00 0.02 0.03 0.11 0.16 0.24
0.00 0.01 0.03 0.07 0.13 0.20 0.31
0.00 0.00 0.00 0.00 0.00 0.00 0.00
0.00 0.01 0.02 0.04 0.09 0.19 0.50
0.00 0.01 0.03 0.08 0.13 0.24 0.56
0.01 0.01 0.04 0.07 0.17 0.48 0.59
0.00 0.00 0.00 0.00 0.00 0.00 0.00
0.00 0.00 0.01 0.05 0.12 0.25 0.60
